Here is a random 7x5 matrix A:

      4.26       4.27      -40.6       75.8       22.3 
       -16      -92.2       73.2       82.7      -86.7 
      20.8        -11      -76.8      -36.3      -42.3 
     -7.46       33.9        8.5      -91.7       23.2 
     -71.9      -74.1        -65       72.5       94.2 
      81.2      -3.81      -88.5      -13.4      -48.2 
     -15.9      -82.6      -72.7       32.1      -58.3 

Doing QR-decomposition on A to get:
Q = 

    0.0377     0.0136     -0.251      0.716     -0.304 
    -0.142     -0.621      0.654    0.00675     0.0393 
     0.184     -0.172     -0.374     -0.302     -0.393 
   -0.0661      0.285    -0.0681     -0.572       0.12 
    -0.636     -0.245     -0.472     0.0896      0.523 
     0.718     -0.377     -0.242     0.0198      0.511 
     -0.14     -0.549     -0.287     -0.246      -0.45 

R = 

       113       64.9      -38.6      -69.7      -82.6 
         0        134       58.9       -101       95.1 
         0          0        159       14.7      -64.1 
         0          0          0        117       36.7 
         0          0          0          0       60.2 

R should be uppper triangular.
This decomposition ran in time: 11.657 milliseconds.

Here is a random 7-vector
b:     -57.8      -81.3      -33.4       30.5       27.9      -7.26        -66 

Solving the system Ax=b
      0.96      -0.79      0.409      -0.64       1.19 

Product of Q and R (should equal A):

      4.26       4.27      -40.6       75.8       22.3 
       -16      -92.2       73.2       82.7      -86.7 
      20.8        -11      -76.8      -36.3      -42.3 
     -7.46       33.9        8.5      -91.7       23.2 
     -71.9      -74.1        -65       72.5       94.2 
      81.2      -3.81      -88.5      -13.4      -48.2 
     -15.9      -82.6      -72.7       32.1      -58.3 

The determinant of A: det(A) = 16878821875.8511

Inverse of R by Gram-Schmidt QR-decomp:

   0.00885   -0.00429    0.00373    0.00112     0.0222 
         0    0.00748   -0.00276     0.0068    -0.0189 
         0          0    0.00628  -0.000794    0.00718 
         0          0          0    0.00858   -0.00524 
         0          0          0          0     0.0166 


Product of R and R^-1 should equal identity:

         1   5.55e-17          0          0  -2.22e-16 
         0          1          0          0   2.22e-16 
         0          0          1          0          0 
         0          0          0          1          0 
         0          0          0          0          1 

