0.00 1.0000 0.0000
0.13 0.9844 -0.2500
0.14 0.9794 -0.2856
0.16 0.9741 -0.3192
0.18 0.9683 -0.3519
0.20 0.9621 -0.3831
0.21 0.9555 -0.4137
0.23 0.9486 -0.4432
0.24 0.9412 -0.4720
0.26 0.9335 -0.4999
0.28 0.9254 -0.5271
0.29 0.9170 -0.5536
0.31 0.9083 -0.5794
0.32 0.8992 -0.6045
0.34 0.8899 -0.6290
0.35 0.8802 -0.6528
0.37 0.8702 -0.6760
0.38 0.8599 -0.6986
0.40 0.8493 -0.7207
0.41 0.8385 -0.7422
0.43 0.8273 -0.7631
0.44 0.8158 -0.7835
0.46 0.8040 -0.8034
0.47 0.7920 -0.8228
0.49 0.7796 -0.8417
0.50 0.7669 -0.8602
0.52 0.7539 -0.8781
0.53 0.7406 -0.8956
0.55 0.7269 -0.9126
0.56 0.7129 -0.9292
0.58 0.6986 -0.9453
0.59 0.6839 -0.9611
0.61 0.6690 -0.9763
0.62 0.6535 -0.9912
0.64 0.6378 -1.0056
0.65 0.6216 -1.0197
0.67 0.6052 -1.0332
0.69 0.5881 -1.0465
0.70 0.5708 -1.0592
0.72 0.5530 -1.0716
0.74 0.5348 -1.0835
0.75 0.5160 -1.0951
0.77 0.4969 -1.1061
0.79 0.4771 -1.1168
0.81 0.4569 -1.1270
0.83 0.4360 -1.1369
0.84 0.4149 -1.1462
0.86 0.3928 -1.1552
0.88 0.3705 -1.1637
0.90 0.3472 -1.1717
0.92 0.3236 -1.1792
0.94 0.2990 -1.1863
0.96 0.2742 -1.1928
0.99 0.2482 -1.1988
1.01 0.2220 -1.2043
1.03 0.1946 -1.2092
1.05 0.1671 -1.2134
1.08 0.1383 -1.2171
1.10 0.1095 -1.2201
1.13 0.0795 -1.2224
1.15 0.0496 -1.2240
1.18 0.0185 -1.2249
1.20 -0.0123 -1.2250
1.23 -0.0440 -1.2242
1.25 -0.0752 -1.2227
1.28 -0.1071 -1.2203
1.30 -0.1382 -1.2171
1.33 -0.1697 -1.2130
1.35 -0.2002 -1.2082
1.38 -0.2308 -1.2025
1.40 -0.2602 -1.1961
1.43 -0.2894 -1.1889
1.45 -0.3174 -1.1811
1.48 -0.3451 -1.1724
1.50 -0.3715 -1.1633
1.52 -0.3975 -1.1534
1.54 -0.4222 -1.1431
1.56 -0.4465 -1.1320
1.58 -0.4697 -1.1207
1.61 -0.4923 -1.1086
1.62 -0.5140 -1.0963
1.64 -0.5351 -1.0833
1.66 -0.5553 -1.0700
1.68 -0.5751 -1.0561
1.70 -0.5940 -1.0420
1.72 -0.6125 -1.0273
1.73 -0.6303 -1.0123
1.75 -0.6476 -0.9968
1.77 -0.6642 -0.9810
1.79 -0.6805 -0.9647
1.80 -0.6961 -0.9481
1.82 -0.7114 -0.9310
1.83 -0.7261 -0.9136
1.85 -0.7405 -0.8957
1.87 -0.7544 -0.8775
1.88 -0.7678 -0.8588
1.90 -0.7809 -0.8398
1.91 -0.7936 -0.8203
1.93 -0.8059 -0.8004
1.94 -0.8178 -0.7801
1.96 -0.8293 -0.7594
1.97 -0.8405 -0.7383
1.99 -0.8513 -0.7167
2.00 -0.8618 -0.6947
2.02 -0.8719 -0.6722
2.03 -0.8816 -0.6493
2.05 -0.8911 -0.6259
2.06 -0.9001 -0.6020
2.08 -0.9089 -0.5776
2.09 -0.9173 -0.5528
2.11 -0.9253 -0.5274
2.12 -0.9330 -0.5016
2.14 -0.9404 -0.4751
2.15 -0.9473 -0.4483
2.17 -0.9539 -0.4207
2.18 -0.9601 -0.3927
2.20 -0.9660 -0.3640
2.21 -0.9714 -0.3349
2.23 -0.9764 -0.3050
2.24 -0.9810 -0.2748
2.26 -0.9852 -0.2436
2.28 -0.9889 -0.2123
2.29 -0.9921 -0.1801
2.31 -0.9948 -0.1477
2.33 -0.9970 -0.1144
2.34 -0.9986 -0.0811
2.36 -0.9997 -0.0469
2.38 -1.0002 -0.0129
2.39 -1.0001 0.0217
2.41 -0.9995 0.0562
2.43 -0.9982 0.0909
2.45 -0.9963 0.1253
2.46 -0.9938 0.1598
2.48 -0.9908 0.1938
2.50 -0.9871 0.2275
2.51 -0.9830 0.2606
2.53 -0.9783 0.2933
2.55 -0.9731 0.3253
2.56 -0.9674 0.3566
2.58 -0.9613 0.3873
2.60 -0.9547 0.4172
2.61 -0.9477 0.4465
2.63 -0.9404 0.4749
2.65 -0.9327 0.5027
2.66 -0.9246 0.5297
2.68 -0.9162 0.5562
2.69 -0.9074 0.5818
2.71 -0.8983 0.6069
2.72 -0.8890 0.6312
2.74 -0.8792 0.6551
2.75 -0.8693 0.6781
2.77 -0.8589 0.7008
2.78 -0.8484 0.7227
2.80 -0.8374 0.7442
2.81 -0.8262 0.7650
2.83 -0.8147 0.7855
2.84 -0.8029 0.8052
2.86 -0.7907 0.8247
2.87 -0.7784 0.8435
2.89 -0.7656 0.8620
2.90 -0.7526 0.8798
2.92 -0.7392 0.8973
2.93 -0.7256 0.9142
2.95 -0.7115 0.9309
2.96 -0.6972 0.9469
2.98 -0.6824 0.9627
2.99 -0.6674 0.9779
3.01 -0.6519 0.9928
3.02 -0.6362 1.0071
3.04 -0.6199 1.0212
3.06 -0.6034 1.0346
3.07 -0.5863 1.0479
3.09 -0.5690 1.0605
3.11 -0.5510 1.0729
3.12 -0.5328 1.0848
3.14 -0.5138 1.0963
3.16 -0.4947 1.1073
3.18 -0.4747 1.1180
3.19 -0.4546 1.1282
3.21 -0.4336 1.1380
3.23 -0.4124 1.1473
3.25 -0.3902 1.1563
3.27 -0.3678 1.1646
3.29 -0.3443 1.1727
3.31 -0.3208 1.1801
3.33 -0.2959 1.1871
3.35 -0.2711 1.1936
3.37 -0.2449 1.1995
3.39 -0.2187 1.2049
3.42 -0.1911 1.2097
3.44 -0.1636 1.2139
3.46 -0.1346 1.2175
3.49 -0.1058 1.2204
3.51 -0.0756 1.2227
3.54 -0.0457 1.2242
3.56 -0.0145 1.2249
3.59 0.0162 1.2249
3.61 0.0480 1.2241
3.64 0.0791 1.2225
3.66 0.1110 1.2199
3.69 0.1420 1.2167
3.72 0.1734 1.2125
3.74 0.2038 1.2076
3.77 0.2342 1.2018
3.79 0.2635 1.1953
3.82 0.2926 1.1880
3.84 0.3205 1.1801
3.86 0.3479 1.1715
3.88 0.3743 1.1623
3.91 0.4000 1.1524
3.93 0.4247 1.1420
3.95 0.4488 1.1310
3.97 0.4719 1.1195
3.99 0.4944 1.1075
4.01 0.5160 1.0950
4.03 0.5370 1.0821
4.05 0.5572 1.0687
4.07 0.5768 1.0549
4.08 0.5957 1.0407
4.10 0.6141 1.0260
4.12 0.6318 1.0109
4.14 0.6490 0.9955
4.15 0.6657 0.9796
4.17 0.6818 0.9633
4.19 0.6975 0.9466
4.20 0.7126 0.9296
4.22 0.7274 0.9120
4.23 0.7416 0.8942
4.25 0.7555 0.8759
4.27 0.7689 0.8573
4.28 0.7820 0.8381
4.30 0.7946 0.8187
4.31 0.8069 0.7987
4.33 0.8187 0.7785
4.34 0.8303 0.7576
4.36 0.8414 0.7365
4.37 0.8522 0.7148
4.39 0.8626 0.6928
4.40 0.8728 0.6702
4.42 0.8824 0.6473
4.43 0.8919 0.6237
4.45 0.9009 0.6000
4.46 0.9097 0.5754
4.48 0.9180 0.5506
4.49 0.9261 0.5250
4.51 0.9337 0.4993
4.52 0.9410 0.4726
4.54 0.9479 0.4458
4.55 0.9545 0.4179
4.57 0.9607 0.3901
4.58 0.9665 0.3611
4.60 0.9719 0.3321
4.61 0.9769 0.3019
4.63 0.9814 0.2718
4.64 0.9856 0.2404
4.66 0.9892 0.2092
4.68 0.9924 0.1767
4.69 0.9950 0.1444
4.71 0.9971 0.1109
4.73 0.9987 0.0777
4.74 0.9998 0.0435
4.76 1.0002 0.0095
4.78 1.0001 -0.0251
4.80 0.9993 -0.0595
4.81 0.9980 -0.0942
4.83 0.9961 -0.1285
4.85 0.9936 -0.1628
4.86 0.9905 -0.1967
4.88 0.9868 -0.2302
4.90 0.9826 -0.2634
4.92 0.9779 -0.2958
4.93 0.9726 -0.3278
4.95 0.9670 -0.3589
4.97 0.9608 -0.3896
4.98 0.9542 -0.4192
5.00 0.9472 -0.4486
5.01 0.9399 -0.4768
5.03 0.9321 -0.5047
5.05 0.9241 -0.5315
5.06 0.9155 -0.5581
5.08 0.9068 -0.5835
5.09 0.8976 -0.6087
5.11 0.8883 -0.6329
5.12 0.8785 -0.6568
5.14 0.8685 -0.6797
5.15 0.8581 -0.7025
5.17 0.8476 -0.7243
5.18 0.8365 -0.7459
5.20 0.8254 -0.7666
5.21 0.8137 -0.7871
5.23 0.8020 -0.8068
5.24 0.7897 -0.8263
5.26 0.7774 -0.8450
5.27 0.7645 -0.8635
5.29 0.7515 -0.8812
5.30 0.7380 -0.8989
5.32 0.7244 -0.9157
5.33 0.7101 -0.9324
5.35 0.6959 -0.9483
5.36 0.6810 -0.9641
5.38 0.6660 -0.9792
5.39 0.6504 -0.9942
5.41 0.6347 -1.0084
5.43 0.6182 -1.0225
5.44 0.6018 -1.0359
5.46 0.5845 -1.0492
5.47 0.5672 -1.0618
5.49 0.5490 -1.0742
5.51 0.5309 -1.0859
5.53 0.5118 -1.0975
5.54 0.4927 -1.1084
5.56 0.4725 -1.1192
5.58 0.4524 -1.1292
5.60 0.4312 -1.1391
5.62 0.4100 -1.1483
5.64 0.3876 -1.1572
5.65 0.3652 -1.1655
5.67 0.3416 -1.1735
5.70 0.3180 -1.1809
5.72 0.2930 -1.1879
5.74 0.2681 -1.1942
5.76 0.2418 -1.2002
5.78 0.2156 -1.2055
5.80 0.1878 -1.2102
5.83 0.1603 -1.2143
5.85 0.1312 -1.2179
5.87 0.1024 -1.2207
5.90 0.0721 -1.2228
5.92 0.0423 -1.2243
5.95 0.0111 -1.2249
5.97 -0.0196 -1.2248
6.00 -0.0513 -1.2239
6.02 -0.0823 -1.2222
6.05 -0.1141 -1.2196
6.08 -0.1450 -1.2163
6.10 -0.1762 -1.2120
6.13 -0.2065 -1.2071
6.15 -0.2366 -1.2013
6.18 -0.2659 -1.1948
6.20 -0.2947 -1.1875
6.22 -0.3225 -1.1795
6.25 -0.3497 -1.1709
6.27 -0.3760 -1.1616
6.29 -0.4015 -1.1517
6.31 -0.4262 -1.1413
6.33 -0.4501 -1.1303
6.36 -0.4732 -1.1188
6.38 -0.4955 -1.1068
6.39 -0.5171 -1.0943
6.41 -0.5379 -1.0814
6.43 -0.5582 -1.0680
6.45 -0.5776 -1.0543
6.47 -0.5966 -1.0399
6.49 -0.6148 -1.0254
6.50 -0.6326 -1.0102
6.52 -0.6497 -0.9948
6.54 -0.6664 -0.9788
6.55 -0.6825 -0.9626
6.57 -0.6982 -0.9458
6.59 -0.7133 -0.9288
6.60 -0.7281 -0.9112
6.62 -0.7422 -0.8934
6.63 -0.7562 -0.8750
6.65 -0.7695 -0.8564
6.67 -0.7826 -0.8371
6.68 -0.7951 -0.8178
6.70 -0.8075 -0.7976
6.71 -0.8193 -0.7775
6.73 -0.8309 -0.7564
6.74 -0.8419 -0.7354
6.76 -0.8528 -0.7135
6.77 -0.8631 -0.6917
6.79 -0.8733 -0.6688
6.80 -0.8829 -0.6461
6.82 -0.8924 -0.6222
6.83 -0.9014 -0.5986
6.85 -0.9102 -0.5737
6.86 -0.9185 -0.5491
6.87 -0.9266 -0.5232
6.89 -0.9341 -0.4976
6.90 -0.9415 -0.4706
6.92 -0.9484 -0.4439
6.94 -0.9550 -0.4158
6.95 -0.9611 -0.3880
6.97 -0.9669 -0.3588
6.98 -0.9723 -0.3299
7.00 -0.9773 -0.2994
7.01 -0.9817 -0.2694
7.03 -0.9859 -0.2378
7.05 -0.9894 -0.2067
7.06 -0.9926 -0.1740
7.08 -0.9952 -0.1418
7.10 -0.9973 -0.1082
7.11 -0.9988 -0.0751
7.13 -0.9998 -0.0409
7.15 -1.0002 -0.0070
7.16 -1.0000 0.0275
7.18 -0.9993 0.0618
7.20 -0.9979 0.0963
7.21 -0.9959 0.1305
7.23 -0.9934 0.1646
7.25 -0.9903 0.1984
7.27 -0.9866 0.2317
7.28 -0.9824 0.2648
7.30 -0.9777 0.2969
7.32 -0.9724 0.3289
7.33 -0.9668 0.3598
7.35 -0.9605 0.3906
7.37 -0.9540 0.4200
7.38 -0.9470 0.4494
7.40 -0.9397 0.4775
7.41 -0.9318 0.5055
7.43 -0.9238 0.5322
7.45 -0.9152 0.5588
7.46 -0.9066 0.5841
7.48 -0.8973 0.6095
7.49 -0.8880 0.6335
7.51 -0.8781 0.6576
7.52 -0.8682 0.6804
7.54 -0.8576 0.7033
7.55 -0.8472 0.7250
7.57 -0.8360 0.7467
7.58 -0.8249 0.7673
7.60 -0.8131 0.7880
7.61 -0.8014 0.8076
7.63 -0.7890 0.8272
7.64 -0.7768 0.8458
7.66 -0.7637 0.8645
7.67 -0.7508 0.8821
7.69 -0.7371 0.8998
7.70 -0.7236 0.9166
7.72 -0.7092 0.9334
7.73 -0.6950 0.9492
7.75 -0.6799 0.9651
7.76 -0.6650 0.9801
7.78 -0.6492 0.9951
7.79 -0.6336 1.0093
7.81 -0.6170 1.0235
7.83 -0.6006 1.0368
7.84 -0.5831 1.0501
7.86 -0.5659 1.0626
7.88 -0.5475 1.0751
7.89 -0.5294 1.0868
7.91 -0.5101 1.0984
7.93 -0.4911 1.1092
7.95 -0.4707 1.1200
7.96 -0.4507 1.1300
7.98 -0.4293 1.1399
8.00 -0.4081 1.1490
8.02 -0.3855 1.1579
8.04 -0.3632 1.1662
8.06 -0.3394 1.1742
8.08 -0.3158 1.1815
8.10 -0.2906 1.1884
8.12 -0.2658 1.1947
8.14 -0.2393 1.2006
8.17 -0.2132 1.2058
8.19 -0.1853 1.2106
8.21 -0.1578 1.2146
8.24 -0.1286 1.2181
8.26 -0.0999 1.2208
8.28 -0.0696 1.2229
8.31 -0.0399 1.2243
8.33 -0.0087 1.2249
8.36 0.0218 1.2247
8.38 0.0534 1.2237
8.41 0.0842 1.2220
8.44 0.1158 1.2194
8.46 0.1465 1.2160
8.49 0.1775 1.2118
8.51 0.2076 1.2068
8.54 0.2376 1.2010
8.56 0.2667 1.1945
8.58 0.2952 1.1872
8.61 0.3230 1.1793
8.63 0.3500 1.1707
8.65 0.3762 1.1614
8.68 0.4016 1.1516
8.70 0.4263 1.1412
8.72 0.4500 1.1303
8.74 0.4731 1.1188
8.76 0.4953 1.1069
8.78 0.5170 1.0943
8.80 0.5377 1.0815
8.82 0.5580 1.0681
8.83 0.5774 1.0544
8.85 0.5964 1.0400
8.87 0.6145 1.0255
8.89 0.6324 1.0103
8.90 0.6494 0.9950
8.92 0.6662 0.9789
8.94 0.6822 0.9628
8.95 0.6980 0.9459
8.97 0.7130 0.9290
8.99 0.7279 0.9113
9.00 0.7420 0.8936
9.02 0.7560 0.8750
9.03 0.7693 0.8565
9.05 0.7825 0.8371
9.06 0.7950 0.8179
9.08 0.8074 0.7976
9.09 0.8192 0.7775
9.11 0.8308 0.7563
9.12 0.8419 0.7354
9.14 0.8528 0.7133
9.15 0.8631 0.6915
9.17 0.8734 0.6685
9.18 0.8830 0.6458
9.20 0.8925 0.6218
9.21 0.9015 0.5982
9.23 0.9103 0.5732
9.24 0.9185 0.5486
9.26 0.9267 0.5225
9.27 0.9342 0.4970
9.29 0.9417 0.4698
9.30 0.9485 0.4432
9.32 0.9552 0.4148
9.33 0.9612 0.3871
9.35 0.9671 0.3576
9.37 0.9724 0.3288
9.38 0.9774 0.2981
9.40 0.9818 0.2682
9.41 0.9860 0.2364
9.43 0.9895 0.2054
9.45 0.9926 0.1726
9.46 0.9952 0.1405
9.48 0.9973 0.1069
9.50 0.9988 0.0739
9.51 0.9997 0.0397
9.53 1.0001 0.0061
9.55 0.9999 -0.0284
9.56 0.9992 -0.0624
9.58 0.9978 -0.0967
9.60 0.9959 -0.1307
9.62 0.9933 -0.1645
9.63 0.9902 -0.1983
9.65 0.9866 -0.2312
9.67 0.9824 -0.2642
9.68 0.9777 -0.2961
9.70 0.9725 -0.3282
9.72 0.9669 -0.3588
9.73 0.9607 -0.3897
9.75 0.9542 -0.4189
9.77 0.9471 -0.4485
9.78 0.9399 -0.4764
9.80 0.9320 -0.5046
9.81 0.9241 -0.5312
9.83 0.9154 -0.5580
9.84 0.9068 -0.5833
9.86 0.8975 -0.6088
9.87 0.8882 -0.6328
9.89 0.8782 -0.6570
9.90 0.8684 -0.6798
9.92 0.8578 -0.7029
9.93 0.8473 -0.7245
9.95 0.8361 -0.7464
9.96 0.8250 -0.7670
9.98 0.8131 -0.7878
9.99 0.8015 -0.8073
10.01 0.7890 -0.8271
10.02 0.7768 -0.8457
10.04 0.7636 -0.8645
10.05 0.7507 -0.8821
10.07 0.7369 -0.8999
10.08 0.7234 -0.9166
10.10 0.7090 -0.9335
10.11 0.6948 -0.9493
10.13 0.6796 -0.9653
10.15 0.6647 -0.9803
10.16 0.6488 -0.9954
10.18 0.6332 -1.0095
10.19 0.6164 -1.0238
10.21 0.6000 -1.0371
10.23 0.5825 -1.0505
10.24 0.5653 -1.0629
10.26 0.5468 -1.0754
10.28 0.5287 -1.0871
10.30 0.5093 -1.0987
10.31 0.4902 -1.1096
10.33 0.4698 -1.1203
10.35 0.4497 -1.1303
10.37 0.4282 -1.1402
10.39 0.4071 -1.1493
10.41 0.3843 -1.1582
10.42 0.3621 -1.1664
10.45 0.3381 -1.1744
10.47 0.3146 -1.1817
10.49 0.2893 -1.1886
10.51 0.2646 -1.1949
10.53 0.2380 -1.2008
10.55 0.2119 -1.2059
10.57 0.1840 -1.2106
10.60 0.1566 -1.2146
10.62 0.1275 -1.2181
10.64 0.0989 -1.2208
10.67 0.0687 -1.2228
10.69 0.0391 -1.2242
10.72 0.0081 -1.2247
10.74 -0.0222 -1.2246
10.77 -0.0536 -1.2236
10.79 -0.0843 -1.2219
10.82 -0.1156 -1.2193
10.84 -0.1461 -1.2159
10.87 -0.1768 -1.2117
10.89 -0.2068 -1.2068
10.92 -0.2365 -1.2011
10.94 -0.2655 -1.1946
10.97 -0.2938 -1.1875
10.99 -0.3215 -1.1796
11.01 -0.3484 -1.1711
11.04 -0.3746 -1.1619
11.06 -0.3998 -1.1522
11.08 -0.4245 -1.1418
11.10 -0.4481 -1.1310
11.12 -0.4713 -1.1195
11.14 -0.4934 -1.1078
11.16 -0.5152 -1.0952
11.18 -0.5359 -1.0825
11.20 -0.5563 -1.0691
11.22 -0.5756 -1.0555
11.23 -0.5947 -1.0411
11.25 -0.6129 -1.0267
11.27 -0.6309 -1.0114
11.29 -0.6479 -0.9962
11.30 -0.6648 -0.9801
11.32 -0.6807 -0.9641
11.34 -0.6967 -0.9472
11.35 -0.7117 -0.9304
11.37 -0.7267 -0.9126
11.38 -0.7408 -0.8950
11.40 -0.7549 -0.8763
11.42 -0.7682 -0.8580
11.43 -0.7815 -0.8384
11.45 -0.7940 -0.8193
11.46 -0.8065 -0.7989
11.48 -0.8182 -0.7789
11.49 -0.8300 -0.7576
11.51 -0.8410 -0.7368
11.52 -0.8521 -0.7145
11.54 -0.8624 -0.6928
11.55 -0.8727 -0.6696
11.57 -0.8823 -0.6471
11.58 -0.8920 -0.6229
11.60 -0.9009 -0.5994
11.61 -0.9099 -0.5741
11.63 -0.9181 -0.5497
11.64 -0.9263 -0.5233
11.66 -0.9339 -0.4979
11.67 -0.9414 -0.4704
11.69 -0.9482 -0.4439
11.70 -0.9549 -0.4153
11.72 -0.9610 -0.3878
11.73 -0.9669 -0.3580
11.75 -0.9722 -0.3293
11.77 -0.9772 -0.2985
11.78 -0.9817 -0.2687
11.80 -0.9858 -0.2367
11.81 -0.9893 -0.2058
11.83 -0.9925 -0.1729
11.85 -0.9950 -0.1411
11.86 -0.9971 -0.1074
11.88 -0.9986 -0.0747
11.90 -0.9996 -0.0406
11.91 -1.0000 -0.0072
11.93 -0.9998 0.0270
11.95 -0.9991 0.0608
11.96 -0.9978 0.0948
11.98 -0.9959 0.1287
12.00 -0.9934 0.1622
12.02 -0.9904 0.1957
12.03 -0.9868 0.2284
12.05 -0.9827 0.2613
12.07 -0.9781 0.2930
12.08 -0.9729 0.3250
12.10 -0.9674 0.3555
12.11 -0.9615 0.3849
12.13 -0.9554 0.4131
12.15 -0.9485 0.4423
12.16 -0.9415 0.4698
12.18 -0.9342 0.4966
12.19 -0.9267 0.5221
12.21 -0.9183 0.5487
12.22 -0.9100 0.5737
12.24 -0.9013 0.5980
12.25 -0.8926 0.6212
12.27 -0.8830 0.6453
12.28 -0.8735 0.6679
12.29 -0.8636 0.6901
12.31 -0.8537 0.7111
12.32 -0.8428 0.7330
12.34 -0.8322 0.7536
12.35 -0.8205 0.7747
12.37 -0.8091 0.7944
12.38 -0.7968 0.8146
12.40 -0.7848 0.8334
12.41 -0.7718 0.8526
12.43 -0.7591 0.8705
12.44 -0.7454 0.8887
12.46 -0.7322 0.9057
12.47 -0.7178 0.9230
12.49 -0.7039 0.9391
12.50 -0.6888 0.9555
12.52 -0.6741 0.9707
12.54 -0.6583 0.9862
12.55 -0.6430 1.0006
12.57 -0.6264 1.0152
12.58 -0.6103 1.0287
12.60 -0.5928 1.0424
12.62 -0.5759 1.0551
12.63 -0.5576 1.0680
12.65 -0.5398 1.0798
12.67 -0.5205 1.0918
12.69 -0.5018 1.1029
12.70 -0.4816 1.1140
12.72 -0.4619 1.1242
12.74 -0.4406 1.1344
12.76 -0.4198 1.1437
12.78 -0.3973 1.1530
12.80 -0.3755 1.1614
12.82 -0.3518 1.1697
12.84 -0.3288 1.1772
12.86 -0.3038 1.1845
12.88 -0.2796 1.1910
12.90 -0.2533 1.1972
12.92 -0.2277 1.2027
12.94 -0.2002 1.2077
12.97 -0.1734 1.2121
12.99 -0.1446 1.2159
13.01 -0.1166 1.2190
13.04 -0.0867 1.2215
13.06 -0.0577 1.2232
13.09 -0.0270 1.2242
13.11 0.0028 1.2246
13.14 0.0339 1.2241
13.16 0.0643 1.2229
13.19 0.0954 1.2208
13.21 0.1257 1.2180
13.24 0.1564 1.2144
13.26 0.1863 1.2101
13.29 0.2161 1.2049
13.31 0.2453 1.1990
13.33 0.2738 1.1924
13.36 0.3019 1.1850
13.38 0.3290 1.1771
13.40 0.3557 1.1684
13.43 0.3813 1.1592
13.45 0.4065 1.1492
13.47 0.4305 1.1389
13.49 0.4542 1.1278
13.51 0.4768 1.1165
13.53 0.4991 1.1043
13.55 0.5201 1.0921
13.57 0.5400 1.0796
13.58 0.5592 1.0669
13.60 0.5784 1.0531
13.62 0.5968 1.0393
13.64 0.6151 1.0245
13.66 0.6325 1.0098
13.67 0.6490 0.9949
13.69 0.6648 0.9799
13.70 0.6809 0.9636
13.72 0.6961 0.9475
13.74 0.7115 0.9302
13.75 0.7260 0.9132
13.77 0.7398 0.8958
13.78 0.7531 0.8786
13.80 0.7666 0.8598
13.81 0.7793 0.8414
13.83 0.7923 0.8216
13.84 0.8043 0.8022
13.86 0.8160 0.7825
13.87 0.8270 0.7629
13.89 0.8383 0.7416
13.90 0.8489 0.7208
13.92 0.8591 0.6994
13.93 0.8688 0.6783
13.95 0.8788 0.6551
13.96 0.8880 0.6326
13.97 0.8970 0.6094
13.99 0.9054 0.5866
14.00 0.9140 0.5615
14.02 0.9219 0.5372
14.03 0.9296 0.5120
14.05 0.9367 0.4874
14.06 0.9439 0.4601
14.08 0.9505 0.4339
14.09 0.9567 0.4065
14.11 0.9625 0.3799
14.12 0.9682 0.3505
14.14 0.9733 0.3222
14.15 0.9782 0.2912
14.17 0.9825 0.2616
14.18 0.9865 0.2295
14.20 0.9899 0.1987
14.22 0.9930 0.1657
14.23 0.9954 0.1339
14.25 0.9974 0.1003
14.27 0.9988 0.0677
14.28 0.9996 0.0338
14.30 0.9999 0.0006
14.32 0.9996 -0.0333
14.33 0.9988 -0.0668
14.35 0.9974 -0.1005
14.37 0.9954 -0.1340
14.38 0.9929 -0.1671
14.40 0.9897 -0.2004
14.42 0.9862 -0.2326
14.43 0.9820 -0.2654
14.45 0.9774 -0.2966
14.47 0.9724 -0.3269
14.48 0.9672 -0.3560
14.50 0.9614 -0.3848
14.51 0.9554 -0.4125
14.53 0.9490 -0.4399
14.54 0.9423 -0.4663
14.56 0.9351 -0.4926
14.57 0.9279 -0.5177
14.59 0.9201 -0.5429
14.60 0.9122 -0.5669
14.62 0.9038 -0.5909
14.63 0.8953 -0.6138
14.64 0.8863 -0.6367
14.66 0.8773 -0.6586
14.67 0.8677 -0.6806
14.69 0.8581 -0.7014
14.70 0.8480 -0.7224
14.71 0.8379 -0.7424
14.73 0.8265 -0.7635
14.74 0.8155 -0.7831
14.76 0.8040 -0.8025
14.77 0.7927 -0.8208
14.79 0.7801 -0.8400
14.80 0.7679 -0.8579
14.82 0.7552 -0.8755
14.83 0.7427 -0.8921
14.85 0.7288 -0.9095
14.86 0.7153 -0.9257
14.88 0.7006 -0.9424
14.89 0.6863 -0.9579
14.91 0.6707 -0.9738
14.92 0.6557 -0.9884
14.94 0.6393 -1.0035
14.95 0.6236 -1.0173
14.97 0.6064 -1.0315
14.99 0.5898 -1.0445
15.00 0.5717 -1.0578
15.02 0.5543 -1.0700
15.04 0.5353 -1.0824
15.06 0.5170 -1.0937
15.07 0.4970 -1.1052
15.09 0.4778 -1.1157
15.11 0.4568 -1.1263
15.13 0.4365 -1.1360
15.15 0.4144 -1.1457
15.17 0.3931 -1.1544
15.19 0.3698 -1.1632
15.20 0.3473 -1.1710
15.23 0.3228 -1.1787
15.25 0.2991 -1.1856
15.27 0.2733 -1.1922
15.29 0.2484 -1.1981
15.31 0.2213 -1.2036
15.33 0.1952 -1.2084
15.36 0.1670 -1.2127
15.38 0.1396 -1.2163
15.40 0.1103 -1.2193
15.43 0.0819 -1.2216
15.45 0.0517 -1.2232
15.47 0.0224 -1.2241
15.50 -0.0083 -1.2243
15.52 -0.0381 -1.2237
15.55 -0.0690 -1.2223
15.57 -0.0991 -1.2203
15.60 -0.1296 -1.2174
15.62 -0.1595 -1.2137
15.65 -0.1894 -1.2093
15.67 -0.2187 -1.2041
15.70 -0.2475 -1.1983
15.72 -0.2759 -1.1916
15.74 -0.3035 -1.1844
15.77 -0.3306 -1.1763
15.79 -0.3567 -1.1678
15.81 -0.3825 -1.1584
15.83 -0.4071 -1.1487
15.85 -0.4302 -1.1387
15.87 -0.4526 -1.1284
15.89 -0.4751 -1.1170
15.91 -0.4965 -1.1055
15.93 -0.5169 -1.0937
15.95 -0.5365 -1.0816
15.97 -0.5564 -1.0684
15.98 -0.5753 -1.0552
16.00 -0.5933 -1.0417
16.02 -0.6106 -1.0280
16.04 -0.6282 -1.0131
16.05 -0.6449 -0.9984
16.07 -0.6609 -0.9832
16.08 -0.6763 -0.9681
16.10 -0.6912 -0.9524
16.11 -0.7056 -0.9367
16.13 -0.7204 -0.9194
16.15 -0.7344 -0.9024
16.16 -0.7479 -0.8850
16.18 -0.7607 -0.8677
16.19 -0.7734 -0.8497
16.20 -0.7854 -0.8318
16.22 -0.7974 -0.8131
16.23 -0.8087 -0.7945
16.25 -0.8200 -0.7750
16.26 -0.8307 -0.7557
16.28 -0.8413 -0.7353
16.29 -0.8514 -0.7153
16.30 -0.8614 -0.6941
16.32 -0.8708 -0.6733
16.33 -0.8802 -0.6513
16.35 -0.8890 -0.6297
16.36 -0.8978 -0.6068
16.37 -0.9060 -0.5844
16.39 -0.9141 -0.5605
16.40 -0.9217 -0.5372
16.42 -0.9293 -0.5125
16.43 -0.9362 -0.4883
16.44 -0.9431 -0.4625
16.46 -0.9494 -0.4374
16.47 -0.9557 -0.4107
16.49 -0.9613 -0.3846
16.50 -0.9668 -0.3568
16.52 -0.9718 -0.3298
16.53 -0.9768 -0.2995
16.55 -0.9811 -0.2705
16.56 -0.9851 -0.2403
16.58 -0.9885 -0.2110
16.59 -0.9917 -0.1788
16.61 -0.9942 -0.1479
16.63 -0.9964 -0.1148
16.64 -0.9980 -0.0828
16.66 -0.9991 -0.0492
16.68 -0.9997 -0.0166
16.69 -0.9997 0.0171
16.71 -0.9991 0.0502
16.73 -0.9980 0.0835
16.74 -0.9963 0.1167
16.76 -0.9941 0.1496
16.78 -0.9913 0.1827
16.79 -0.9881 0.2148
16.81 -0.9842 0.2474
16.83 -0.9799 0.2786
16.84 -0.9753 0.3089
16.86 -0.9703 0.3380
16.87 -0.9649 0.3669
16.89 -0.9592 0.3945
16.90 -0.9530 0.4221
16.92 -0.9467 0.4486
16.93 -0.9398 0.4750
16.95 -0.9328 0.5002
16.96 -0.9253 0.5256
16.97 -0.9177 0.5497
16.99 -0.9095 0.5740
17.00 -0.9014 0.5970
17.02 -0.8926 0.6202
17.03 -0.8839 0.6422
17.05 -0.8746 0.6644
17.06 -0.8653 0.6855
17.07 -0.8554 0.7067
17.09 -0.8456 0.7268
17.10 -0.8351 0.7471
17.12 -0.8248 0.7664
17.13 -0.8137 0.7858
17.14 -0.8028 0.8042
17.16 -0.7912 0.8227
17.17 -0.7797 0.8403
17.19 -0.7675 0.8580
17.20 -0.7555 0.8747
17.21 -0.7427 0.8916
17.23 -0.7301 0.9076
17.24 -0.7166 0.9237
17.26 -0.7034 0.9390
17.27 -0.6885 0.9551
17.29 -0.6743 0.9700
17.30 -0.6592 0.9847
17.32 -0.6446 0.9985
17.33 -0.6282 1.0130
17.35 -0.6124 1.0263
17.37 -0.5959 1.0395
17.38 -0.5797 1.0517
17.40 -0.5617 1.0646
17.41 -0.5443 1.0763
17.43 -0.5251 1.0885
17.45 -0.5067 1.0995
17.47 -0.4864 1.1108
17.48 -0.4670 1.1211
17.50 -0.4456 1.1314
17.52 -0.4251 1.1408
17.54 -0.4026 1.1503
17.56 -0.3810 1.1588
17.58 -0.3573 1.1673
17.60 -0.3347 1.1748
17.62 -0.3097 1.1823
17.64 -0.2859 1.1889
17.66 -0.2597 1.1952
17.68 -0.2347 1.2008
17.71 -0.2073 1.2059
17.73 -0.1811 1.2104
17.75 -0.1526 1.2143
17.77 -0.1252 1.2176
17.80 -0.0959 1.2202
17.82 -0.0675 1.2222
17.85 -0.0374 1.2234
17.87 -0.0083 1.2240
17.89 0.0222 1.2238
17.92 0.0518 1.2229
17.94 0.0822 1.2212
17.97 0.1120 1.2189
17.99 0.1420 1.2157
18.02 0.1715 1.2118
18.04 0.2008 1.2071
18.07 0.2297 1.2017
18.09 0.2580 1.1956
18.11 0.2859 1.1888
18.14 0.3129 1.1814
18.16 0.3396 1.1731
18.18 0.3652 1.1645
18.20 0.3894 1.1555
18.22 0.4127 1.1461
18.24 0.4363 1.1357
18.26 0.4588 1.1251
18.28 0.4801 1.1141
18.30 0.5006 1.1029
18.32 0.5205 1.0912
18.33 0.5396 1.0793
18.35 0.5583 1.0668
18.37 0.5763 1.0541
18.39 0.5939 1.0408
18.40 0.6109 1.0275
18.42 0.6275 1.0134
18.43 0.6435 0.9993
18.45 0.6593 0.9845
18.47 0.6743 0.9697
18.48 0.6892 0.9542
18.50 0.7035 0.9387
18.51 0.7176 0.9224
18.53 0.7310 0.9062
18.54 0.7444 0.8892
18.56 0.7571 0.8723
18.57 0.7698 0.8545
18.58 0.7818 0.8370
18.60 0.7937 0.8184
18.61 0.8051 0.8001
18.63 0.8164 0.7808
18.64 0.8271 0.7618
18.66 0.8378 0.7417
18.67 0.8479 0.7219
18.68 0.8579 0.7010
18.70 0.8674 0.6805
18.71 0.8768 0.6587
18.72 0.8857 0.6375
18.74 0.8945 0.6148
18.75 0.9028 0.5927
18.77 0.9110 0.5692
18.78 0.9186 0.5463
18.79 0.9263 0.5218
18.81 0.9333 0.4980
18.82 0.9403 0.4725
18.84 0.9467 0.4479
18.85 0.9530 0.4214
18.87 0.9587 0.3958
18.88 0.9644 0.3684
18.89 0.9694 0.3419
18.91 0.9743 0.3135
18.92 0.9787 0.2860
18.94 0.9828 0.2566
18.95 0.9864 0.2281
18.97 0.9898 0.1964
18.99 0.9926 0.1662
19.00 0.9951 0.1333
19.02 0.9970 0.1019
19.03 0.9984 0.0686
19.05 0.9992 0.0365
19.07 0.9995 0.0031
19.08 0.9993 -0.0295
19.10 0.9986 -0.0626
19.12 0.9973 -0.0954
19.13 0.9954 -0.1280
19.15 0.9930 -0.1608
19.17 0.9902 -0.1927
19.18 0.9867 -0.2253
19.20 0.9828 -0.2564
19.21 0.9785 -0.2867
19.23 0.9740 -0.3158
19.24 0.9689 -0.3447
19.26 0.9636 -0.3725
19.27 0.9577 -0.4003
19.29 0.9518 -0.4268
19.30 0.9452 -0.4535
19.32 0.9386 -0.4789
19.33 0.9313 -0.5045
19.35 0.9241 -0.5288
19.36 0.9162 -0.5534
19.38 0.9084 -0.5766
19.39 0.8999 -0.6002
19.40 0.8916 -0.6224
19.42 0.8825 -0.6449
19.43 0.8736 -0.6662
19.45 0.8640 -0.6878
19.46 0.8545 -0.7081
19.47 0.8443 -0.7288
19.49 0.8343 -0.7483
19.50 0.8235 -0.7680
19.51 0.8130 -0.7866
19.53 0.8016 -0.8055
19.54 0.7906 -0.8233
19.56 0.7786 -0.8414
19.57 0.7670 -0.8584
19.58 0.7545 -0.8756
19.60 0.7423 -0.8918
19.61 0.7291 -0.9082
19.63 0.7164 -0.9237
19.64 0.7026 -0.9394
19.66 0.6892 -0.9541
19.67 0.6747 -0.9690
19.69 0.6607 -0.9830
19.70 0.6456 -0.9971
19.72 0.6308 -1.0104
19.73 0.6150 -1.0238
19.75 0.5995 -1.0363
19.76 0.5829 -1.0489
19.78 0.5667 -1.0608
19.79 0.5483 -1.0732
19.81 0.5308 -1.0846
19.83 0.5122 -1.0959
19.84 0.4942 -1.1062
19.86 0.4739 -1.1171
19.88 0.4545 -1.1269
19.90 0.4339 -1.1365
19.92 0.4140 -1.1453
19.93 0.3916 -1.1543
19.95 0.3702 -1.1625
19.97 0.3463 -1.1706
19.99 0.3236 -1.1779
20.01 0.2985 -1.1851
20.03 0.2745 -1.1914
20.06 0.2482 -1.1975
20.08 0.2230 -1.2028
20.10 0.1955 -1.2077
20.12 0.1693 -1.2118
20.15 0.1408 -1.2155
20.17 0.1134 -1.2184
20.19 0.0841 -1.2208
20.22 0.0559 -1.2224
20.24 0.0260 -1.2234
20.26 -0.0029 -1.2237
20.29 -0.0330 -1.2232
20.31 -0.0623 -1.2221
20.34 -0.0923 -1.2202
20.36 -0.1216 -1.2176
20.38 -0.1512 -1.2142
20.41 -0.1803 -1.2101
20.43 -0.2090 -1.2053
20.46 -0.2375 -1.1998
20.48 -0.2652 -1.1936
20.50 -0.2928 -1.1866
20.52 -0.3193 -1.1792
20.55 -0.3444 -1.1713
20.57 -0.3687 -1.1629
20.59 -0.3934 -1.1536
20.61 -0.4169 -1.1440
20.63 -0.4393 -1.1340
20.65 -0.4608 -1.1237
20.67 -0.4817 -1.1129
20.68 -0.5018 -1.1019
20.70 -0.5214 -1.0903
20.72 -0.5403 -1.0785
20.74 -0.5588 -1.0661
20.75 -0.5766 -1.0536
20.77 -0.5941 -1.0403
20.79 -0.6108 -1.0271
20.80 -0.6274 -1.0131
20.82 -0.6432 -0.9992
20.83 -0.6589 -0.9845
20.85 -0.6738 -0.9698
20.87 -0.6887 -0.9543
20.88 -0.7028 -0.9390
20.90 -0.7168 -0.9228
20.91 -0.7302 -0.9068
20.92 -0.7435 -0.8899
20.94 -0.7562 -0.8732
20.95 -0.7688 -0.8555
20.97 -0.7807 -0.8381
20.98 -0.7927 -0.8196
21.00 -0.8039 -0.8015
21.01 -0.8152 -0.7823
21.02 -0.8259 -0.7635
21.04 -0.8366 -0.7435
21.05 -0.8466 -0.7240
21.07 -0.8566 -0.7031
21.08 -0.8661 -0.6828
21.09 -0.8755 -0.6612
21.11 -0.8843 -0.6401
21.12 -0.8932 -0.6176
21.13 -0.9014 -0.5958
21.15 -0.9097 -0.5723
21.16 -0.9173 -0.5497
21.18 -0.9249 -0.5253
21.19 -0.9319 -0.5019
21.20 -0.9389 -0.4766
21.22 -0.9453 -0.4522
21.23 -0.9517 -0.4260
21.25 -0.9575 -0.4008
21.26 -0.9631 -0.3736
21.28 -0.9682 -0.3474
21.29 -0.9731 -0.3193
21.30 -0.9775 -0.2922
21.32 -0.9817 -0.2631
21.33 -0.9853 -0.2351
21.35 -0.9887 -0.2053
21.36 -0.9915 -0.1764
21.38 -0.9941 -0.1444
21.40 -0.9961 -0.1138
21.41 -0.9977 -0.0810
21.43 -0.9987 -0.0495
21.44 -0.9993 -0.0165
21.46 -0.9993 0.0155
21.48 -0.9988 0.0483
21.49 -0.9977 0.0806
21.51 -0.9961 0.1129
21.53 -0.9940 0.1453
21.54 -0.9914 0.1769
21.56 -0.9883 0.2092
21.57 -0.9847 0.2401
21.59 -0.9807 0.2702
21.60 -0.9764 0.2992
21.62 -0.9716 0.3281
21.63 -0.9666 0.3558
21.65 -0.9610 0.3836
21.66 -0.9554 0.4101
21.68 -0.9491 0.4369
21.69 -0.9427 0.4623
21.71 -0.9358 0.4881
21.72 -0.9288 0.5124
21.74 -0.9212 0.5372
21.75 -0.9136 0.5606
21.76 -0.9054 0.5843
21.78 -0.8973 0.6067
21.79 -0.8885 0.6295
21.81 -0.8798 0.6509
21.82 -0.8704 0.6727
21.83 -0.8612 0.6932
21.85 -0.8512 0.7141
21.86 -0.8415 0.7338
21.88 -0.8310 0.7538
21.89 -0.8207 0.7726
21.90 -0.8096 0.7917
21.92 -0.7988 0.8097
21.93 -0.7871 0.8280
21.94 -0.7758 0.8451
21.96 -0.7635 0.8626
21.97 -0.7516 0.8790
21.99 -0.7388 0.8957
22.00 -0.7263 0.9114
22.02 -0.7128 0.9273
22.03 -0.6997 0.9422
22.04 -0.6856 0.9573
22.06 -0.6719 0.9715
22.07 -0.6571 0.9859
22.09 -0.6427 0.9994
22.10 -0.6272 1.0130
22.12 -0.6122 1.0257
22.13 -0.5959 1.0386
22.15 -0.5801 1.0507
22.16 -0.5631 1.0628
22.18 -0.5465 1.0741
22.20 -0.5286 1.0855
22.21 -0.5113 1.0961
22.23 -0.4925 1.1067
22.25 -0.4744 1.1165
22.26 -0.4546 1.1263
22.28 -0.4356 1.1354
22.30 -0.4138 1.1449
22.32 -0.3931 1.1534
22.34 -0.3711 1.1617
22.36 -0.3498 1.1692
22.38 -0.3258 1.1768
22.39 -0.3029 1.1836
22.42 -0.2775 1.1902
22.44 -0.2533 1.1960
22.46 -0.2266 1.2016
22.48 -0.2012 1.2064
22.50 -0.1735 1.2108
22.52 -0.1471 1.2144
22.55 -0.1184 1.2175
22.57 -0.0911 1.2199
22.59 -0.0618 1.2217
22.62 -0.0336 1.2229
22.64 -0.0040 1.2233
22.67 0.0247 1.2231
22.69 0.0544 1.2221
22.71 0.0834 1.2205
22.74 0.1128 1.2181
22.76 0.1417 1.2150
22.78 0.1706 1.2112
22.81 0.1992 1.2067
22.83 0.2272 1.2015
22.86 0.2551 1.1955
22.88 0.2821 1.1891
22.90 0.3091 1.1817
22.92 0.3349 1.1740
22.94 0.3593 1.1658
22.96 0.3829 1.1573
22.98 0.4058 1.1482
23.00 0.4279 1.1388
23.02 0.4494 1.1288
23.04 0.4702 1.1186
23.06 0.4905 1.1077
23.08 0.5101 1.0967
23.09 0.5293 1.0850
23.11 0.5477 1.0732
23.13 0.5659 1.0607
23.14 0.5833 1.0481
23.16 0.6005 1.0349
23.18 0.6169 1.0216
23.19 0.6332 1.0076
23.21 0.6487 0.9936
23.22 0.6642 0.9788
23.24 0.6789 0.9642
23.25 0.6935 0.9487
23.27 0.7074 0.9334
23.28 0.7212 0.9171
23.30 0.7344 0.9011
23.31 0.7475 0.8841
23.33 0.7599 0.8675
23.34 0.7724 0.8497
23.36 0.7841 0.8323
23.37 0.7959 0.8138
23.38 0.8070 0.7958
23.40 0.8182 0.7765
23.41 0.8287 0.7577
23.43 0.8392 0.7376
23.44 0.8491 0.7182
23.45 0.8591 0.6972
23.47 0.8683 0.6771
23.48 0.8777 0.6553
23.49 0.8864 0.6344
23.51 0.8951 0.6117
23.52 0.9032 0.5900
23.54 0.9109 0.5677
23.55 0.9182 0.5459
23.56 0.9257 0.5218
23.58 0.9326 0.4987
23.59 0.9395 0.4735
23.60 0.9458 0.4494
23.62 0.9521 0.4232
23.63 0.9578 0.3982
23.65 0.9633 0.3710
23.66 0.9684 0.3451
23.68 0.9732 0.3171
23.69 0.9775 0.2903
23.70 0.9817 0.2615
23.72 0.9852 0.2338
23.73 0.9885 0.2042
23.75 0.9913 0.1757
23.77 0.9939 0.1440
23.78 0.9958 0.1138
23.80 0.9974 0.0813
23.81 0.9985 0.0502
23.83 0.9990 0.0176
23.84 0.9990 -0.0140
23.86 0.9986 -0.0463
23.88 0.9976 -0.0782
23.89 0.9961 -0.1100
23.91 0.9940 -0.1420
23.92 0.9915 -0.1732
23.94 0.9884 -0.2051
23.96 0.9850 -0.2356
23.97 0.9811 -0.2654
23.99 0.9770 -0.2940
24.00 0.9723 -0.3226
24.02 0.9674 -0.3500
24.03 0.9620 -0.3776
24.05 0.9565 -0.4039
24.06 0.9503 -0.4305
24.07 0.9441 -0.4557
24.09 0.9377 -0.4801
24.10 0.9311 -0.5036
24.12 0.9237 -0.5281
24.13 0.9165 -0.5512
24.14 0.9088 -0.5737
24.16 0.9012 -0.5953
24.17 0.8927 -0.6179
24.18 0.8843 -0.6392
24.20 0.8756 -0.6600
24.21 0.8670 -0.6798
24.22 0.8573 -0.7007
24.24 0.8480 -0.7203
24.25 0.8382 -0.7394
24.26 0.8285 -0.7577
24.28 0.8178 -0.7769
24.29 0.8074 -0.7949
24.30 0.7960 -0.8135
24.32 0.7850 -0.8308
24.33 0.7730 -0.8485
24.35 0.7614 -0.8651
24.36 0.7488 -0.8821
24.37 0.7366 -0.8980
24.39 0.7234 -0.9142
24.40 0.7107 -0.9293
24.42 0.6968 -0.9447
24.43 0.6835 -0.9591
24.45 0.6690 -0.9737
24.46 0.6550 -0.9874
24.48 0.6398 -1.0013
24.49 0.6252 -1.0143
24.51 0.6093 -1.0275
24.52 0.5940 -1.0397
24.54 0.5773 -1.0521
24.55 0.5612 -1.0637
24.57 0.5438 -1.0753
24.58 0.5269 -1.0862
24.60 0.5086 -1.0971
24.62 0.4910 -1.1072
24.63 0.4718 -1.1173
24.65 0.4532 -1.1267
24.67 0.4331 -1.1360
24.68 0.4137 -1.1446
24.70 0.3925 -1.1531
24.72 0.3721 -1.1609
24.74 0.3488 -1.1690
24.76 0.3268 -1.1761
24.78 0.3032 -1.1829
24.80 0.2806 -1.1891
24.82 0.2551 -1.1951
24.84 0.2309 -1.2004
24.86 0.2040 -1.2054
24.88 0.1786 -1.2096
24.91 0.1507 -1.2135
24.93 0.1242 -1.2166
24.95 0.0956 -1.2191
24.97 0.0682 -1.2210
25.00 0.0392 -1.2223
25.02 0.0112 -1.2229
25.04 -0.0181 -1.2228
25.07 -0.0465 -1.2220
25.09 -0.0758 -1.2205
25.12 -0.1043 -1.2184
25.14 -0.1332 -1.2156
25.16 -0.1615 -1.2120
25.19 -0.1898 -1.2078
25.21 -0.2177 -1.2029
25.23 -0.2451 -1.1974
25.25 -0.2724 -1.1910
25.28 -0.2986 -1.1842
25.30 -0.3236 -1.1770
25.32 -0.3479 -1.1693
25.34 -0.3714 -1.1611
25.36 -0.3942 -1.1525
25.38 -0.4164 -1.1433
25.40 -0.4378 -1.1338
25.42 -0.4589 -1.1237
25.43 -0.4791 -1.1135
25.45 -0.4990 -1.1025
25.47 -0.5181 -1.0914
25.49 -0.5370 -1.0796
25.50 -0.5550 -1.0678
25.52 -0.5729 -1.0552
25.54 -0.5899 -1.0427
25.55 -0.6068 -1.0293
25.57 -0.6229 -1.0161
25.58 -0.6389 -1.0019
25.60 -0.6542 -0.9880
25.61 -0.6694 -0.9731
25.63 -0.6838 -0.9585
25.64 -0.6982 -0.9429
25.66 -0.7119 -0.9276
25.67 -0.7256 -0.9113
25.69 -0.7385 -0.8953
25.70 -0.7515 -0.8782
25.72 -0.7637 -0.8616
25.73 -0.7760 -0.8437
25.75 -0.7876 -0.8264
25.76 -0.7987 -0.8088
25.77 -0.8092 -0.7914
25.79 -0.8202 -0.7723
25.80 -0.8304 -0.7538
25.81 -0.8404 -0.7347
25.83 -0.8498 -0.7161
25.84 -0.8595 -0.6954
25.85 -0.8687 -0.6755
25.87 -0.8775 -0.6550
25.88 -0.8858 -0.6350
25.89 -0.8940 -0.6139
25.91 -0.9017 -0.5932
25.92 -0.9094 -0.5713
25.93 -0.9166 -0.5500
25.94 -0.9237 -0.5274
25.96 -0.9304 -0.5053
25.97 -0.9373 -0.4806
25.98 -0.9436 -0.4570
26.00 -0.9496 -0.4325
26.01 -0.9551 -0.4088
26.03 -0.9608 -0.3823
26.04 -0.9658 -0.3571
26.05 -0.9708 -0.3296
26.07 -0.9753 -0.3033
26.08 -0.9795 -0.2749
26.10 -0.9832 -0.2478
26.11 -0.9867 -0.2187
26.13 -0.9896 -0.1908
26.14 -0.9923 -0.1610
26.16 -0.9944 -0.1323
26.17 -0.9963 -0.1008
26.19 -0.9976 -0.0706
26.20 -0.9984 -0.0386
26.22 -0.9988 -0.0077
26.23 -0.9987 0.0242
26.25 -0.9980 0.0555
26.27 -0.9969 0.0870
26.28 -0.9953 0.1185
26.30 -0.9932 0.1494
26.31 -0.9905 0.1809
26.33 -0.9875 0.2112
26.34 -0.9841 0.2409
26.36 -0.9803 0.2694
26.37 -0.9760 0.2980
26.39 -0.9716 0.3254
26.40 -0.9665 0.3530
26.42 -0.9614 0.3794
26.43 -0.9559 0.4049
26.44 -0.9503 0.4294
26.46 -0.9440 0.4551
26.47 -0.9376 0.4793
26.49 -0.9309 0.5030
26.50 -0.9242 0.5256
26.51 -0.9170 0.5483
26.53 -0.9098 0.5700
26.54 -0.9021 0.5917
26.55 -0.8944 0.6126
26.56 -0.8862 0.6335
26.58 -0.8780 0.6536
26.59 -0.8693 0.6738
26.60 -0.8606 0.6930
26.62 -0.8514 0.7124
26.63 -0.8422 0.7310
26.64 -0.8325 0.7496
26.65 -0.8228 0.7675
26.67 -0.8126 0.7854
26.68 -0.8024 0.8025
26.69 -0.7911 0.8206
26.71 -0.7801 0.8375
26.72 -0.7687 0.8541
26.73 -0.7575 0.8699
26.75 -0.7450 0.8865
26.76 -0.7329 0.9021
26.78 -0.7197 0.9181
26.79 -0.7070 0.9330
26.81 -0.6931 0.9482
26.82 -0.6797 0.9624
26.83 -0.6652 0.9770
26.85 -0.6512 0.9905
26.86 -0.6360 1.0043
26.88 -0.6214 1.0170
26.89 -0.6054 1.0301
26.91 -0.5901 1.0422
26.92 -0.5734 1.0545
26.94 -0.5574 1.0659
26.96 -0.5398 1.0774
26.97 -0.5231 1.0881
26.99 -0.5047 1.0988
27.00 -0.4871 1.1088
27.02 -0.4679 1.1188
27.04 -0.4495 1.1280
27.06 -0.4293 1.1372
27.07 -0.4100 1.1457
27.09 -0.3889 1.1541
27.11 -0.3686 1.1617
27.13 -0.3466 1.1693
27.15 -0.3253 1.1761
27.17 -0.3010 1.1831
27.19 -0.2781 1.1893
27.21 -0.2536 1.1950
27.23 -0.2302 1.2001
27.25 -0.2039 1.2050
27.27 -0.1789 1.2091
27.29 -0.1515 1.2129
27.31 -0.1254 1.2160
27.34 -0.0972 1.2185
27.36 -0.0703 1.2205
27.38 -0.0416 1.2217
27.40 -0.0141 1.2224
27.43 0.0148 1.2224
27.45 0.0428 1.2217
27.47 0.0715 1.2204
27.50 0.0996 1.2184
27.52 0.1281 1.2157
27.54 0.1561 1.2123
27.57 0.1839 1.2083
27.59 0.2115 1.2036
27.61 0.2386 1.1983
27.63 0.2656 1.1922
27.66 0.2917 1.1857
27.68 0.3165 1.1786
27.70 0.3406 1.1713
27.72 0.3639 1.1633
27.74 0.3866 1.1550
27.76 0.4088 1.1460
27.77 0.4302 1.1368
27.79 0.4512 1.1270
27.81 0.4714 1.1170
27.83 0.4913 1.1063
27.85 0.5105 1.0955
27.86 0.5294 1.0839
27.88 0.5474 1.0724
27.90 0.5653 1.0600
27.91 0.5824 1.0478
27.93 0.5994 1.0346
27.95 0.6156 1.0217
27.96 0.6317 1.0078
27.98 0.6470 0.9942
27.99 0.6623 0.9795
28.01 0.6768 0.9652
28.02 0.6906 0.9506
28.04 0.7039 0.9361
28.05 0.7176 0.9202
28.06 0.7305 0.9047
28.08 0.7429 0.8888
28.09 0.7549 0.8731
28.11 0.7672 0.8558
28.12 0.7788 0.8390
28.13 0.7900 0.8218
28.15 0.8007 0.8049
28.16 0.8113 0.7871
28.17 0.8214 0.7696
28.19 0.8314 0.7511
28.20 0.8409 0.7330
28.21 0.8504 0.7139
28.22 0.8594 0.6952
28.24 0.8683 0.6753
28.25 0.8768 0.6560
28.26 0.8852 0.6354
28.28 0.8931 0.6154
28.29 0.9010 0.5941
28.30 0.9084 0.5734
28.32 0.9158 0.5513
28.33 0.9227 0.5299
28.34 0.9295 0.5071
28.35 0.9358 0.4850
28.37 0.9421 0.4614
28.38 0.9479 0.4385
28.39 0.9536 0.4141
28.41 0.9588 0.3905
28.42 0.9639 0.3654
28.43 0.9686 0.3410
28.45 0.9732 0.3137
28.46 0.9774 0.2878
28.48 0.9814 0.2595
28.49 0.9848 0.2326
28.50 0.9880 0.2037
28.52 0.9907 0.1760
28.53 0.9931 0.1464
28.55 0.9951 0.1180
28.56 0.9966 0.0869
28.58 0.9977 0.0570
28.59 0.9984 0.0255
28.61 0.9985 -0.0050
28.63 0.9982 -0.0363
28.64 0.9974 -0.0671
28.66 0.9961 -0.0980
28.67 0.9944 -0.1290
28.69 0.9922 -0.1593
28.70 0.9894 -0.1904
28.72 0.9863 -0.2202
28.73 0.9827 -0.2492
28.75 0.9789 -0.2772
28.76 0.9746 -0.3052
28.78 0.9701 -0.3321
28.79 0.9650 -0.3593
28.81 0.9599 -0.3852
28.82 0.9544 -0.4102
28.83 0.9489 -0.4343
28.85 0.9428 -0.4583
28.86 0.9368 -0.4814
28.87 0.9302 -0.5045
28.88 0.9236 -0.5268
28.90 0.9164 -0.5491
28.91 0.9093 -0.5705
28.92 0.9017 -0.5920
28.94 0.8941 -0.6126
28.95 0.8859 -0.6334
28.96 0.8778 -0.6532
28.98 0.8691 -0.6732
28.99 0.8606 -0.6923
29.00 0.8514 -0.7116
29.01 0.8424 -0.7299
29.03 0.8327 -0.7485
29.04 0.8232 -0.7661
29.05 0.8130 -0.7839
29.06 0.8030 -0.8009
29.08 0.7923 -0.8180
29.09 0.7818 -0.8343
29.10 0.7706 -0.8508
29.12 0.7596 -0.8664
29.13 0.7478 -0.8822
29.14 0.7363 -0.8972
29.16 0.7240 -0.9123
29.17 0.7120 -0.9266
29.18 0.6984 -0.9418
29.20 0.6854 -0.9559
29.21 0.6718 -0.9698
29.23 0.6586 -0.9829
29.24 0.6437 -0.9967
29.26 0.6295 -1.0095
29.27 0.6138 -1.0227
29.29 0.5989 -1.0349
29.30 0.5824 -1.0473
29.32 0.5667 -1.0588
29.33 0.5495 -1.0705
29.35 0.5331 -1.0813
29.36 0.5150 -1.0923
29.38 0.4978 -1.1024
29.40 0.4789 -1.1126
29.41 0.4609 -1.1219
29.43 0.4411 -1.1313
29.45 0.4223 -1.1399
29.46 0.4016 -1.1485
29.48 0.3818 -1.1564
29.50 0.3602 -1.1641
29.52 0.3395 -1.1712
29.54 0.3169 -1.1781
29.56 0.2953 -1.1843
29.58 0.2705 -1.1906
29.60 0.2472 -1.1960
29.62 0.2224 -1.2011
29.64 0.1986 -1.2055
29.66 0.1721 -1.2096
29.68 0.1469 -1.2131
29.70 0.1194 -1.2161
29.72 0.0932 -1.2185
29.75 0.0651 -1.2202
29.77 0.0382 -1.2214
29.79 0.0098 -1.2219
29.81 -0.0175 -1.2219
29.84 -0.0459 -1.2211
29.86 -0.0735 -1.2198
29.88 -0.1017 -1.2178
29.91 -0.1293 -1.2151
29.93 -0.1570 -1.2118
29.95 -0.1844 -1.2078
29.97 -0.2114 -1.2032
30.00 -0.2384 -1.1978
30.02 -0.2646 -1.1920
30.04 -0.2896 -1.1857
30.06 -0.3139 -1.1790
30.08 -0.3376 -1.1717
30.10 -0.3606 -1.1640
30.12 -0.3832 -1.1557
30.14 -0.4050 -1.1472
30.16 -0.4264 -1.1379
30.17 -0.4471 -1.1286
30.19 -0.4674 -1.1184
30.21 -0.4870 -1.1083
30.23 -0.5063 -1.0973
30.25 -0.5248 -1.0863
30.26 -0.5432 -1.0745
30.28 -0.5607 -1.0629
30.30 -0.5782 -1.0503
30.31 -0.5947 -1.0379
30.33 -0.6105 -1.0252
30.34 -0.6257 -1.0126
30.36 -0.6413 -0.9987
30.37 -0.6561 -0.9851
30.39 -0.6702 -0.9711
30.40 -0.6839 -0.9573
30.41 -0.6973 -0.9427
30.43 -0.7102 -0.9284
30.44 -0.7230 -0.9132
30.46 -0.7352 -0.8982
30.47 -0.7473 -0.8824
30.48 -0.7590 -0.8669
30.50 -0.7705 -0.8505
30.51 -0.7816 -0.8343
30.52 -0.7925 -0.8172
30.54 -0.8030 -0.8005
30.55 -0.8134 -0.7828
30.56 -0.8233 -0.7654
30.57 -0.8332 -0.7470
30.59 -0.8426 -0.7290
30.60 -0.8519 -0.7100
30.61 -0.8608 -0.6914
30.63 -0.8696 -0.6716
30.64 -0.8779 -0.6524
30.65 -0.8862 -0.6319
30.66 -0.8940 -0.6121
30.68 -0.9018 -0.5909
30.69 -0.9091 -0.5703
30.70 -0.9164 -0.5484
30.71 -0.9232 -0.5272
30.73 -0.9299 -0.5045
30.74 -0.9361 -0.4826
30.75 -0.9423 -0.4592
30.77 -0.9480 -0.4366
30.78 -0.9537 -0.4124
30.79 -0.9588 -0.3891
30.81 -0.9638 -0.3642
30.82 -0.9684 -0.3401
30.83 -0.9730 -0.3131
30.85 -0.9771 -0.2875
30.86 -0.9811 -0.2595
30.87 -0.9845 -0.2329
30.89 -0.9877 -0.2043
30.90 -0.9904 -0.1770
30.92 -0.9927 -0.1479
30.93 -0.9947 -0.1200
30.95 -0.9963 -0.0892
30.96 -0.9974 -0.0599
30.98 -0.9980 -0.0288
30.99 -0.9983 0.0012
31.01 -0.9980 0.0320
31.02 -0.9973 0.0623
31.04 -0.9961 0.0927
31.05 -0.9944 0.1232
31.07 -0.9924 0.1531
31.09 -0.9897 0.1837
31.10 -0.9868 0.2130
31.12 -0.9834 0.2417
31.13 -0.9797 0.2694
31.14 -0.9756 0.2971
31.16 -0.9713 0.3236
31.17 -0.9666 0.3493
31.18 -0.9619 0.3741
31.20 -0.9566 0.3988
31.21 -0.9513 0.4226
31.22 -0.9455 0.4464
31.24 -0.9397 0.4694
31.25 -0.9333 0.4925
31.26 -0.9269 0.5146
31.28 -0.9200 0.5369
31.29 -0.9131 0.5583
31.30 -0.9057 0.5798
31.31 -0.8983 0.6004
31.33 -0.8904 0.6212
31.34 -0.8825 0.6411
31.35 -0.8740 0.6611
31.37 -0.8657 0.6802
31.38 -0.8567 0.6996
31.39 -0.8480 0.7180
31.40 -0.8385 0.7366
31.42 -0.8292 0.7543
31.43 -0.8192 0.7723
31.44 -0.8095 0.7893
31.45 -0.7990 0.8065
31.47 -0.7888 0.8229
31.48 -0.7778 0.8394
31.49 -0.7671 0.8552
31.51 -0.7556 0.8711
31.52 -0.7444 0.8861
31.53 -0.7323 0.9014
31.55 -0.7206 0.9158
31.56 -0.7080 0.9304
31.57 -0.6958 0.9443
31.59 -0.6826 0.9582
31.60 -0.6698 0.9714
31.61 -0.6560 0.9847
31.63 -0.6426 0.9973
31.64 -0.6274 1.0106
31.66 -0.6130 1.0229
31.67 -0.5978 1.0350
31.69 -0.5831 1.0464
31.70 -0.5665 1.0583
31.72 -0.5507 1.0693
31.73 -0.5332 1.0806
31.75 -0.5166 1.0910
31.76 -0.4982 1.1015
31.78 -0.4808 1.1112
31.80 -0.4616 1.1209
31.81 -0.4434 1.1299
31.83 -0.4233 1.1389
31.85 -0.4042 1.1471
31.87 -0.3833 1.1552
31.88 -0.3633 1.1627
31.90 -0.3414 1.1700
31.92 -0.3206 1.1766
31.94 -0.2978 1.1830
31.96 -0.2760 1.1888
31.98 -0.2511 1.1946
32.00 -0.2276 1.1996
32.02 -0.2014 1.2044
32.04 -0.1768 1.2085
32.06 -0.1498 1.2122
32.08 -0.1243 1.2152
32.11 -0.0968 1.2176
32.13 -0.0706 1.2195
32.15 -0.0427 1.2207
32.17 -0.0160 1.2214
32.20 0.0120 1.2214
32.22 0.0390 1.2209
32.24 0.0669 1.2197
32.26 0.0941 1.2179
32.28 0.1216 1.2154
32.31 0.1487 1.2123
32.33 0.1757 1.2086
32.35 0.2026 1.2042
32.37 0.2289 1.1993
32.40 0.2553 1.1936
32.42 0.2808 1.1875
32.44 0.3051 1.1809
32.46 0.3288 1.1740
32.48 0.3518 1.1665
32.50 0.3742 1.1587
32.52 0.3961 1.1502
32.53 0.4173 1.1415
32.55 0.4382 1.1321
32.57 0.4582 1.1226
32.59 0.4781 1.1123
32.61 0.4972 1.1021
32.62 0.5161 1.0910
32.64 0.5341 1.0799
32.66 0.5512 1.0687
32.67 0.5678 1.0573
32.69 0.5847 1.0448
32.70 0.6008 1.0325
32.72 0.6163 1.0199
32.73 0.6311 1.0073
32.75 0.6457 0.9941
32.76 0.6598 0.9809
32.78 0.6736 0.9671
32.79 0.6870 0.9534
32.80 0.7002 0.9389
32.82 0.7129 0.9246
32.83 0.7255 0.9095
32.84 0.7375 0.8946
32.86 0.7495 0.8789
32.87 0.7610 0.8634
32.88 0.7724 0.8471
32.90 0.7832 0.8310
32.91 0.7941 0.8140
32.92 0.8044 0.7974
32.94 0.8147 0.7797
32.95 0.8245 0.7625
32.96 0.8343 0.7442
32.97 0.8435 0.7263
32.99 0.8528 0.7073
33.00 0.8615 0.6889
33.01 0.8702 0.6692
33.02 0.8785 0.6502
33.04 0.8867 0.6298
33.05 0.8944 0.6101
33.06 0.9021 0.5890
33.08 0.9093 0.5686
33.09 0.9165 0.5468
33.10 0.9232 0.5258
33.11 0.9299 0.5033
33.13 0.9361 0.4816
33.14 0.9422 0.4584
33.15 0.9478 0.4361
33.17 0.9534 0.4121
33.18 0.9585 0.3891
33.19 0.9634 0.3644
33.20 0.9680 0.3407
33.22 0.9723 0.3154
33.23 0.9763 0.2910
33.24 0.9802 0.2637
33.26 0.9836 0.2378
33.27 0.9868 0.2097
33.29 0.9895 0.1829
33.30 0.9919 0.1543
33.31 0.9939 0.1268
33.33 0.9956 0.0965
33.34 0.9968 0.0677
33.36 0.9976 0.0371
33.37 0.9979 0.0076
33.39 0.9978 -0.0228
33.40 0.9973 -0.0526
33.42 0.9962 -0.0826
33.43 0.9948 -0.1125
33.45 0.9929 -0.1420
33.47 0.9904 -0.1721
33.48 0.9877 -0.2011
33.49 0.9845 -0.2294
33.51 0.9811 -0.2567
33.52 0.9772 -0.2842
33.54 0.9732 -0.3105
33.55 0.9688 -0.3359
33.56 0.9642 -0.3606
33.58 0.9592 -0.3851
33.59 0.9541 -0.4088
33.60 0.9486 -0.4325
33.62 0.9430 -0.4554
33.63 0.9368 -0.4784
33.64 0.9307 -0.5005
33.65 0.9240 -0.5228
33.67 0.9174 -0.5442
33.68 0.9102 -0.5658
33.69 0.9031 -0.5864
33.70 0.8953 -0.6072
33.72 0.8877 -0.6271
33.73 0.8795 -0.6473
33.74 0.8714 -0.6664
33.76 0.8627 -0.6859
33.77 0.8541 -0.7044
33.78 0.8449 -0.7231
33.79 0.8359 -0.7409
33.81 0.8261 -0.7590
33.82 0.8167 -0.7761
33.83 0.8064 -0.7935
33.84 0.7965 -0.8100
33.86 0.7858 -0.8267
33.87 0.7753 -0.8425
33.88 0.7641 -0.8586
33.89 0.7532 -0.8738
33.91 0.7414 -0.8892
33.92 0.7300 -0.9037
33.93 0.7177 -0.9185
33.95 0.7058 -0.9325
33.96 0.6929 -0.9466
33.97 0.6804 -0.9599
33.99 0.6670 -0.9734
34.00 0.6539 -0.9861
34.02 0.6399 -0.9990
34.03 0.6263 -1.0111
34.04 0.6116 -1.0233
34.06 0.5974 -1.0348
34.07 0.5821 -1.0464
34.09 0.5672 -1.0573
34.10 0.5504 -1.0688
34.12 0.5344 -1.0794
34.13 0.5175 -1.0897
34.15 0.5012 -1.0994
34.16 0.4828 -1.1094
34.18 0.4653 -1.1186
34.20 0.4459 -1.1280
34.21 0.4275 -1.1366
34.23 0.4073 -1.1451
34.25 0.3880 -1.1530
34.27 0.3669 -1.1607
34.28 0.3468 -1.1678
34.30 0.3248 -1.1747
34.32 0.3038 -1.1809
34.34 0.2809 -1.1869
34.36 0.2591 -1.1924
34.38 0.2341 -1.1977
34.40 0.2107 -1.2024
34.42 0.1845 -1.2067
34.44 0.1600 -1.2104
34.46 0.1332 -1.2136
34.48 0.1078 -1.2162
34.50 0.0806 -1.2183
34.53 0.0546 -1.2198
34.55 0.0271 -1.2207
34.57 0.0008 -1.2210
34.59 -0.0267 -1.2207
34.61 -0.0534 -1.2198
34.64 -0.0807 -1.2183
34.66 -0.1074 -1.2162
34.68 -0.1344 -1.2135
34.70 -0.1610 -1.2102
34.73 -0.1874 -1.2063
34.75 -0.2138 -1.2017
34.77 -0.2395 -1.1966
34.79 -0.2655 -1.1907
34.81 -0.2904 -1.1845
34.83 -0.3142 -1.1778
34.85 -0.3373 -1.1708
34.87 -0.3598 -1.1632
34.89 -0.3816 -1.1553
34.91 -0.4031 -1.1468
34.93 -0.4238 -1.1381
34.94 -0.4443 -1.1286
34.96 -0.4640 -1.1192
34.98 -0.4836 -1.1088
35.00 -0.5023 -1.0986
35.01 -0.5199 -1.0881
35.03 -0.5371 -1.0775
35.04 -0.5547 -1.0657
35.06 -0.5714 -1.0541
35.08 -0.5874 -1.0422
35.09 -0.6028 -1.0303
35.11 -0.6179 -1.0178
35.12 -0.6325 -1.0054
35.13 -0.6469 -0.9923
35.15 -0.6608 -0.9793
35.16 -0.6745 -0.9655
35.18 -0.6877 -0.9519
35.19 -0.7008 -0.9375
35.20 -0.7134 -0.9234
35.22 -0.7258 -0.9084
35.23 -0.7378 -0.8936
35.24 -0.7496 -0.8780
35.26 -0.7610 -0.8627
35.27 -0.7723 -0.8464
35.28 -0.7831 -0.8305
35.30 -0.7938 -0.8136
35.31 -0.8041 -0.7971
35.32 -0.8143 -0.7796
35.33 -0.8240 -0.7625
35.35 -0.8337 -0.7443
35.36 -0.8429 -0.7266
35.37 -0.8521 -0.7078
35.38 -0.8608 -0.6895
35.40 -0.8695 -0.6700
35.41 -0.8776 -0.6511
35.42 -0.8858 -0.6309
35.44 -0.8935 -0.6114
35.45 -0.9012 -0.5904
35.46 -0.9084 -0.5703
35.47 -0.9155 -0.5487
35.49 -0.9222 -0.5279
35.50 -0.9288 -0.5056
35.51 -0.9350 -0.4842
35.52 -0.9411 -0.4612
35.54 -0.9467 -0.4392
35.55 -0.9522 -0.4155
35.56 -0.9573 -0.3928
35.57 -0.9623 -0.3685
35.59 -0.9668 -0.3452
35.60 -0.9712 -0.3202
35.61 -0.9751 -0.2962
35.63 -0.9790 -0.2693
35.64 -0.9825 -0.2438
35.65 -0.9857 -0.2161
35.67 -0.9885 -0.1898
35.68 -0.9910 -0.1617
35.70 -0.9931 -0.1348
35.71 -0.9948 -0.1049
35.73 -0.9962 -0.0766
35.74 -0.9971 -0.0464
35.76 -0.9975 -0.0174
35.77 -0.9976 0.0126
35.79 -0.9972 0.0418
35.80 -0.9963 0.0714
35.81 -0.9951 0.1008
35.83 -0.9934 0.1299
35.84 -0.9912 0.1594
35.86 -0.9887 0.1880
35.87 -0.9857 0.2159
35.89 -0.9826 0.2430
35.90 -0.9789 0.2702
35.92 -0.9751 0.2962
35.93 -0.9707 0.3228
35.94 -0.9662 0.3481
35.96 -0.9614 0.3726
35.97 -0.9565 0.3962
35.98 -0.9512 0.4199
35.99 -0.9458 0.4426
36.01 -0.9399 0.4656
36.02 -0.9340 0.4876
36.03 -0.9275 0.5099
36.04 -0.9211 0.5311
36.06 -0.9141 0.5527
36.07 -0.9072 0.5733
36.08 -0.8997 0.5942
36.10 -0.8924 0.6141
36.11 -0.8843 0.6344
36.12 -0.8765 0.6536
36.13 -0.8680 0.6731
36.15 -0.8597 0.6916
36.16 -0.8506 0.7105
36.17 -0.8419 0.7284
36.18 -0.8323 0.7466
36.20 -0.8231 0.7638
36.21 -0.8131 0.7813
36.22 -0.8034 0.7979
36.23 -0.7929 0.8147
36.25 -0.7827 0.8306
36.26 -0.7717 0.8468
36.27 -0.7611 0.8621
36.28 -0.7496 0.8777
36.30 -0.7384 0.8924
36.31 -0.7264 0.9073
36.32 -0.7147 0.9214
36.34 -0.7021 0.9356
36.35 -0.6900 0.9491
36.36 -0.6768 0.9627
36.38 -0.6641 0.9756
36.39 -0.6504 0.9886
36.40 -0.6372 1.0009
36.42 -0.6228 1.0133
36.43 -0.6090 1.0249
36.45 -0.5940 1.0367
36.46 -0.5796 1.0477
36.48 -0.5640 1.0588
36.49 -0.5489 1.0693
36.50 -0.5326 1.0798
36.52 -0.5168 1.0896
36.54 -0.4989 1.0999
36.55 -0.4820 1.1094
36.57 -0.4640 1.1185
36.58 -0.4468 1.1271
36.60 -0.4273 1.1359
36.62 -0.4088 1.1440
36.63 -0.3883 1.1521
36.65 -0.3689 1.1595
36.67 -0.3476 1.1668
36.69 -0.3273 1.1734
36.70 -0.3051 1.1798
36.72 -0.2840 1.1857
36.74 -0.2611 1.1912
36.76 -0.2391 1.1962
36.78 -0.2142 1.2010
36.80 -0.1907 1.2052
36.82 -0.1647 1.2091
36.84 -0.1402 1.2123
36.86 -0.1136 1.2151
36.88 -0.0884 1.2172
36.91 -0.0615 1.2189
36.93 -0.0358 1.2199
36.95 -0.0088 1.2204
36.97 0.0173 1.2203
36.99 0.0443 1.2196
37.02 0.0705 1.2184
37.04 0.0972 1.2165
37.06 0.1235 1.2141
37.08 0.1498 1.2111
37.10 0.1760 1.2075
37.12 0.2018 1.2033
37.14 0.2276 1.1984
37.17 0.2527 1.1932
37.19 0.2768 1.1874
37.21 0.3003 1.1812
37.23 0.3233 1.1745
37.24 0.3456 1.1675
37.26 0.3676 1.1598
37.28 0.3889 1.1519
37.30 0.4099 1.1433
37.32 0.4302 1.1346
37.34 0.4503 1.1252
37.35 0.4696 1.1157
37.37 0.4879 1.1059
37.39 0.5056 1.0960
37.40 0.5238 1.0851
37.42 0.5411 1.0742
37.43 0.5576 1.0630
37.45 0.5737 1.0519
37.46 0.5893 1.0401
37.48 0.6045 1.0283
37.49 0.6194 1.0159
37.51 0.6338 1.0036
37.52 0.6480 0.9906
37.54 0.6617 0.9777
37.55 0.6753 0.9640
37.56 0.6884 0.9505
37.58 0.7013 0.9362
37.59 0.7137 0.9222
37.60 0.7261 0.9072
37.62 0.7379 0.8926
37.63 0.7497 0.8771
37.64 0.7609 0.8619
37.66 0.7722 0.8457
37.67 0.7829 0.8300
37.68 0.7936 0.8132
37.69 0.8037 0.7968
37.71 0.8139 0.7794
37.72 0.8235 0.7625
37.73 0.8332 0.7444
37.75 0.8423 0.7269
37.76 0.8514 0.7081
37.77 0.8601 0.6900
37.78 0.8687 0.6706
37.80 0.8768 0.6519
37.81 0.8850 0.6318
37.82 0.8926 0.6125
37.83 0.9003 0.5917
37.85 0.9074 0.5718
37.86 0.9146 0.5504
37.87 0.9212 0.5298
37.88 0.9278 0.5077
37.90 0.9339 0.4866
37.91 0.9400 0.4638
37.92 0.9456 0.4420
37.93 0.9511 0.4187
37.95 0.9562 0.3963
37.96 0.9611 0.3723
37.97 0.9656 0.3493
37.98 0.9700 0.3247
38.00 0.9740 0.3011
38.01 0.9777 0.2760
38.02 0.9811 0.2518
38.04 0.9844 0.2248
38.05 0.9872 0.1992
38.06 0.9898 0.1717
38.08 0.9919 0.1453
38.09 0.9939 0.1159
38.11 0.9953 0.0881
38.12 0.9964 0.0583
38.14 0.9970 0.0300
38.15 0.9972 0.0004
38.16 0.9971 -0.0283
38.18 0.9964 -0.0575
38.19 0.9954 -0.0864
38.21 0.9939 -0.1151
38.22 0.9920 -0.1441
38.24 0.9897 -0.1723
38.25 0.9871 -0.1999
38.27 0.9842 -0.2267
38.28 0.9808 -0.2536
38.29 0.9772 -0.2795
38.31 0.9731 -0.3058
38.32 0.9690 -0.3309
38.33 0.9644 -0.3552
38.35 0.9598 -0.3788
38.36 0.9548 -0.4024
38.37 0.9496 -0.4251
38.38 0.9440 -0.4480
38.40 0.9384 -0.4699
38.41 0.9322 -0.4922
38.42 0.9261 -0.5135
38.43 0.9194 -0.5351
38.45 0.9128 -0.5558
38.46 0.9055 -0.5768
38.47 0.8984 -0.5967
38.48 0.8907 -0.6171
38.50 0.8831 -0.6364
38.51 0.8749 -0.6561
38.52 0.8668 -0.6748
38.53 0.8581 -0.6938
38.55 0.8496 -0.7118
38.56 0.8403 -0.7302
38.57 0.8314 -0.7476
38.58 0.8216 -0.7653
38.60 0.8122 -0.7820
38.61 0.8020 -0.7991
38.62 0.7921 -0.8152
38.63 0.7814 -0.8316
38.65 0.7711 -0.8471
38.66 0.7598 -0.8629
38.67 0.7490 -0.8777
38.68 0.7372 -0.8929
38.70 0.7260 -0.9071
38.71 0.7137 -0.9216
38.72 0.7019 -0.9353
38.74 0.6891 -0.9492
38.75 0.6767 -0.9622
38.76 0.6634 -0.9755
38.78 0.6505 -0.9879
38.79 0.6365 -1.0005
38.80 0.6231 -1.0124
38.82 0.6086 -1.0244
38.83 0.5946 -1.0357
38.85 0.5794 -1.0470
38.86 0.5648 -1.0577
38.88 0.5490 -1.0684
38.89 0.5337 -1.0785
38.90 0.5172 -1.0885
38.92 0.5013 -1.0980
38.93 0.4841 -1.1074
38.95 0.4675 -1.1162
38.97 0.4486 -1.1254
38.98 0.4308 -1.1338
39.00 0.4110 -1.1423
39.02 0.3922 -1.1501
39.03 0.3715 -1.1578
39.05 0.3520 -1.1648
39.07 0.3305 -1.1717
39.09 0.3101 -1.1779
39.11 0.2879 -1.1839
39.12 0.2667 -1.1893
39.14 0.2438 -1.1945
39.16 0.2218 -1.1991
39.18 0.1969 -1.2035
39.20 0.1736 -1.2073
39.22 0.1478 -1.2107
39.24 0.1235 -1.2135
39.26 0.0972 -1.2159
39.28 0.0722 -1.2177
39.31 0.0457 -1.2189
39.33 0.0203 -1.2196
39.35 -0.0063 -1.2198
39.37 -0.0319 -1.2194
39.39 -0.0584 -1.2184
39.41 -0.0842 -1.2169
39.43 -0.1104 -1.2148
39.46 -0.1362 -1.2121
39.48 -0.1619 -1.2089
39.50 -0.1876 -1.2050
39.52 -0.2128 -1.2007
39.54 -0.2381 -1.1956
39.56 -0.2627 -1.1902
39.58 -0.2862 -1.1843
39.60 -0.3092 -1.1781
39.62 -0.3316 -1.1712
39.64 -0.3535 -1.1642
39.66 -0.3750 -1.1564
39.67 -0.3958 -1.1485
39.69 -0.4164 -1.1399
39.71 -0.4363 -1.1312
39.73 -0.4561 -1.1217
39.74 -0.4750 -1.1122
39.76 -0.4929 -1.1024
39.78 -0.5103 -1.0926
39.79 -0.5273 -1.0822
39.81 -0.5438 -1.0718
39.82 -0.5599 -1.0607
39.84 -0.5756 -1.0497
39.85 -0.5911 -1.0380
39.87 -0.6060 -1.0264
39.88 -0.6207 -1.0140
39.90 -0.6350 -1.0018
39.91 -0.6491 -0.9888
39.92 -0.6626 -0.9761
39.94 -0.6760 -0.9624
39.95 -0.6889 -0.9491
39.96 -0.7018 -0.9349
39.98 -0.7141 -0.9210
39.99 -0.7263 -0.9061
40.00 -0.7380 -0.8916
40.02 -0.7497 -0.8761
40.03 -0.7609 -0.8611
40.04 -0.7720 -0.8450
40.06 -0.7826 -0.8294
40.07 -0.7933 -0.8127
40.08 -0.8033 -0.7965
40.09 -0.8135 -0.7791
40.11 -0.8230 -0.7624
40.12 -0.8326 -0.7443
40.13 -0.8417 -0.7270
40.14 -0.8508 -0.7083
40.16 -0.8594 -0.6904
40.17 -0.8676 -0.6721
40.18 -0.8754 -0.6542
40.19 -0.8835 -0.6343
40.20 -0.8911 -0.6154
40.22 -0.8983 -0.5958
40.23 -0.9052 -0.5768
40.24 -0.9123 -0.5557
40.25 -0.9189 -0.5356
40.27 -0.9252 -0.5148
40.28 -0.9312 -0.4947
40.29 -0.9373 -0.4724
40.30 -0.9429 -0.4511
40.31 -0.9485 -0.4281
40.33 -0.9536 -0.4061
40.34 -0.9586 -0.3825
40.35 -0.9632 -0.3600
40.36 -0.9676 -0.3358
40.38 -0.9717 -0.3127
40.39 -0.9755 -0.2880
40.40 -0.9790 -0.2643
40.42 -0.9824 -0.2379
40.43 -0.9854 -0.2128
40.44 -0.9881 -0.1857
40.46 -0.9904 -0.1600
40.47 -0.9924 -0.1325
40.48 -0.9940 -0.1062
40.50 -0.9953 -0.0773
40.51 -0.9962 -0.0499
40.53 -0.9968 -0.0208
40.54 -0.9969 0.0072
40.56 -0.9965 0.0359
40.57 -0.9958 0.0642
40.58 -0.9947 0.0925
40.60 -0.9932 0.1209
40.61 -0.9913 0.1488
40.63 -0.9889 0.1774
40.64 -0.9862 0.2049
40.65 -0.9831 0.2318
40.67 -0.9799 0.2578
40.68 -0.9761 0.2839
40.70 -0.9723 0.3090
40.71 -0.9681 0.3332
40.72 -0.9638 0.3568
40.73 -0.9591 0.3802
40.75 -0.9543 0.4029
40.76 -0.9490 0.4258
40.77 -0.9437 0.4478
40.78 -0.9378 0.4701
40.80 -0.9320 0.4914
40.81 -0.9257 0.5132
40.82 -0.9194 0.5339
40.83 -0.9125 0.5550
40.84 -0.9057 0.5751
40.86 -0.8987 0.5946
40.87 -0.8917 0.6134
40.88 -0.8838 0.6333
40.89 -0.8762 0.6520
40.90 -0.8682 0.6703
40.92 -0.8603 0.6880
40.93 -0.8515 0.7065
40.94 -0.8430 0.7241
40.95 -0.8341 0.7412
40.96 -0.8254 0.7577
40.98 -0.8156 0.7750
40.99 -0.8062 0.7913
41.00 -0.7964 0.8073
41.01 -0.7868 0.8226
41.03 -0.7761 0.8387
41.04 -0.7657 0.8538
41.05 -0.7544 0.8694
41.06 -0.7436 0.8840
41.08 -0.7318 0.8989
41.09 -0.7205 0.9129
41.10 -0.7081 0.9272
41.12 -0.6963 0.9407
41.13 -0.6834 0.9543
41.14 -0.6711 0.9672
41.16 -0.6577 0.9802
41.17 -0.6448 0.9924
41.18 -0.6308 1.0048
41.20 -0.6174 1.0165
41.21 -0.6028 1.0283
41.22 -0.5888 1.0393
41.24 -0.5736 1.0505
41.25 -0.5590 1.0610
41.27 -0.5432 1.0715
41.28 -0.5280 1.0814
41.30 -0.5115 1.0912
41.31 -0.4957 1.1005
41.33 -0.4785 1.1097
41.34 -0.4620 1.1184
41.36 -0.4431 1.1273
41.37 -0.4254 1.1356
41.39 -0.4056 1.1439
41.41 -0.3869 1.1515
41.43 -0.3663 1.1590
41.44 -0.3469 1.1658
41.46 -0.3256 1.1725
41.48 -0.3054 1.1786
41.50 -0.2833 1.1844
41.51 -0.2623 1.1897
41.53 -0.2396 1.1947
41.55 -0.2179 1.1992
41.57 -0.1933 1.2034
41.59 -0.1702 1.2071
41.61 -0.1447 1.2104
41.63 -0.1208 1.2132
41.65 -0.0949 1.2154
41.67 -0.0704 1.2172
41.69 -0.0443 1.2183
41.71 -0.0193 1.2190
41.74 0.0068 1.2191
41.76 0.0320 1.2187
41.78 0.0580 1.2178
41.80 0.0833 1.2163
41.82 0.1091 1.2143
41.84 0.1344 1.2116
41.86 0.1598 1.2085
41.88 0.1850 1.2048
41.90 0.2098 1.2006
41.92 0.2348 1.1957
41.94 0.2590 1.1904
41.96 0.2822 1.1847
41.98 0.3048 1.1787
42.00 0.3270 1.1720
42.02 0.3486 1.1652
42.04 0.3699 1.1576
42.06 0.3906 1.1499
42.07 0.4111 1.1415
42.09 0.4308 1.1330
42.11 0.4494 1.1242
42.12 0.4677 1.1153
42.14 0.4863 1.1053
42.16 0.5041 1.0955
42.17 0.5212 1.0852
42.19 0.5377 1.0750
42.20 0.5538 1.0642
42.22 0.5695 1.0534
42.23 0.5849 1.0419
42.25 0.5998 1.0305
42.26 0.6146 1.0184
42.28 0.6288 1.0064
42.29 0.6429 0.9937
42.30 0.6565 0.9812
42.32 0.6699 0.9678
42.33 0.6829 0.9547
42.35 0.6957 0.9407
42.36 0.7081 0.9271
42.37 0.7204 0.9124
42.38 0.7321 0.8982
42.40 0.7439 0.8830
42.41 0.7550 0.8682
42.42 0.7663 0.8524
42.44 0.7769 0.8370
42.45 0.7876 0.8205
42.46 0.7978 0.8047
42.47 0.8075 0.7884
42.49 0.8168 0.7725
42.50 0.8264 0.7548
42.51 0.8355 0.7379
42.52 0.8443 0.7205
42.53 0.8527 0.7035
42.55 0.8609 0.6856
42.56 0.8688 0.6682
42.57 0.8767 0.6497
42.58 0.8841 0.6318
42.59 0.8915 0.6127
42.60 0.8985 0.5942
42.62 0.9054 0.5746
42.63 0.9120 0.5556
42.64 0.9184 0.5354
42.65 0.9245 0.5159
42.66 0.9308 0.4941
42.68 0.9367 0.4733
42.69 0.9425 0.4508
42.70 0.9478 0.4294
42.71 0.9531 0.4063
42.73 0.9579 0.3843
42.74 0.9626 0.3608
42.75 0.9668 0.3383
42.76 0.9710 0.3142
42.78 0.9747 0.2912
42.79 0.9782 0.2666
42.80 0.9814 0.2431
42.81 0.9845 0.2169
42.83 0.9871 0.1920
42.84 0.9895 0.1652
42.85 0.9915 0.1397
42.87 0.9933 0.1112
42.88 0.9947 0.0844
42.90 0.9957 0.0556
42.91 0.9963 0.0282
42.92 0.9965 -0.0004
42.94 0.9963 -0.0281
42.95 0.9957 -0.0562
42.97 0.9947 -0.0840
42.98 0.9933 -0.1118
42.99 0.9915 -0.1398
43.01 0.9894 -0.1670
43.02 0.9869 -0.1937
43.04 0.9842 -0.2197
43.05 0.9810 -0.2457
43.06 0.9777 -0.2708
43.08 0.9738 -0.2963
43.09 0.9699 -0.3208
43.10 0.9656 -0.3445
43.11 0.9613 -0.3675
43.13 0.9565 -0.3905
43.14 0.9516 -0.4127
43.15 0.9463 -0.4351
43.16 0.9410 -0.4567
43.18 0.9351 -0.4786
43.19 0.9293 -0.4995
43.20 0.9229 -0.5209
43.21 0.9166 -0.5412
43.22 0.9100 -0.5610
43.24 0.9035 -0.5801
43.25 0.8964 -0.5993
43.26 0.8895 -0.6178
43.27 0.8821 -0.6364
43.28 0.8747 -0.6543
43.29 0.8668 -0.6723
43.30 0.8590 -0.6897
43.32 0.8507 -0.7072
43.33 0.8425 -0.7240
43.34 0.8337 -0.7409
43.35 0.8251 -0.7571
43.36 0.8159 -0.7735
43.38 0.8069 -0.7892
43.39 0.7972 -0.8050
43.40 0.7878 -0.8202
43.41 0.7776 -0.8354
43.42 0.7678 -0.8500
43.44 0.7566 -0.8655
43.45 0.7460 -0.8800
43.46 0.7349 -0.8942
43.47 0.7241 -0.9077
43.49 0.7120 -0.9219
43.50 0.7004 -0.9353
43.51 0.6877 -0.9490
43.52 0.6755 -0.9618
43.54 0.6623 -0.9749
43.55 0.6496 -0.9872
43.57 0.6358 -0.9996
43.58 0.6226 -1.0113
43.59 0.6082 -1.0231
43.61 0.5945 -1.0342
43.62 0.5795 -1.0454
43.63 0.5652 -1.0559
43.65 0.5496 -1.0665
43.66 0.5347 -1.0764
43.68 0.5185 -1.0864
43.69 0.5029 -1.0957
43.71 0.4860 -1.1050
43.72 0.4698 -1.1136
43.74 0.4523 -1.1223
43.75 0.4354 -1.1304
43.77 0.4163 -1.1387
43.78 0.3982 -1.1464
43.80 0.3780 -1.1540
43.82 0.3591 -1.1610
43.84 0.3382 -1.1679
43.85 0.3185 -1.1741
43.87 0.2969 -1.1802
43.89 0.2765 -1.1856
43.91 0.2542 -1.1908
43.93 0.2331 -1.1955
43.95 0.2090 -1.2001
43.96 0.1864 -1.2040
43.98 0.1615 -1.2076
44.00 0.1381 -1.2107
44.03 0.1126 -1.2132
44.05 0.0886 -1.2153
44.07 0.0630 -1.2169
44.09 0.0386 -1.2179
44.11 0.0129 -1.2184
44.13 -0.0118 -1.2185
44.15 -0.0374 -1.2179
44.17 -0.0622 -1.2169
44.19 -0.0876 -1.2154
44.21 -0.1125 -1.2133
44.23 -0.1376 -1.2107
44.25 -0.1624 -1.2075
44.27 -0.1871 -1.2039
44.29 -0.2117 -1.1995
44.31 -0.2358 -1.1949
44.33 -0.2590 -1.1897
44.35 -0.2817 -1.1842
44.37 -0.3039 -1.1782
44.39 -0.3256 -1.1719
44.41 -0.3470 -1.1649
44.42 -0.3679 -1.1578
44.44 -0.3885 -1.1499
44.46 -0.4085 -1.1420
44.48 -0.4283 -1.1333
44.49 -0.4474 -1.1246
44.51 -0.4655 -1.1156
44.53 -0.4831 -1.1065
44.54 -0.5003 -1.0968
44.56 -0.5170 -1.0872
44.57 -0.5334 -1.0769
44.59 -0.5494 -1.0666
44.60 -0.5651 -1.0556
44.62 -0.5803 -1.0448
44.63 -0.5953 -1.0332
44.65 -0.6098 -1.0217
44.66 -0.6242 -1.0095
44.67 -0.6381 -0.9975
44.69 -0.6518 -0.9846
44.70 -0.6651 -0.9720
44.71 -0.6782 -0.9585
44.73 -0.6908 -0.9454
44.74 -0.7035 -0.9313
44.75 -0.7155 -0.9176
44.77 -0.7275 -0.9029
44.78 -0.7390 -0.8886
44.79 -0.7505 -0.8732
44.81 -0.7615 -0.8584
44.82 -0.7719 -0.8433
44.83 -0.7820 -0.8284
44.84 -0.7925 -0.8120
44.86 -0.8023 -0.7961
44.87 -0.8119 -0.7799
44.88 -0.8210 -0.7640
44.89 -0.8300 -0.7472
44.90 -0.8386 -0.7309
44.91 -0.8472 -0.7136
44.93 -0.8554 -0.6967
44.94 -0.8635 -0.6789
44.95 -0.8712 -0.6615
44.96 -0.8789 -0.6431
44.97 -0.8862 -0.6252
44.98 -0.8935 -0.6062
45.00 -0.9003 -0.5878
45.01 -0.9071 -0.5683
45.02 -0.9135 -0.5494
45.03 -0.9199 -0.5294
45.04 -0.9258 -0.5100
45.05 -0.9317 -0.4894
45.07 -0.9372 -0.4695
45.08 -0.9429 -0.4473
45.09 -0.9481 -0.4262
45.10 -0.9533 -0.4033
45.11 -0.9580 -0.3817
45.13 -0.9626 -0.3584
45.14 -0.9668 -0.3361
45.15 -0.9708 -0.3124
45.16 -0.9745 -0.2897
45.18 -0.9780 -0.2655
45.19 -0.9811 -0.2423
45.20 -0.9841 -0.2165
45.21 -0.9867 -0.1920
45.23 -0.9891 -0.1657
45.24 -0.9911 -0.1406
45.25 -0.9929 -0.1126
45.27 -0.9942 -0.0862
45.28 -0.9952 -0.0579
45.30 -0.9958 -0.0310
45.31 -0.9961 -0.0029
45.32 -0.9959 0.0243
45.34 -0.9954 0.0519
45.35 -0.9945 0.0793
45.37 -0.9932 0.1065
45.38 -0.9915 0.1340
45.39 -0.9895 0.1608
45.41 -0.9872 0.1871
45.42 -0.9846 0.2127
45.43 -0.9815 0.2383
45.45 -0.9783 0.2631
45.46 -0.9746 0.2883
45.47 -0.9709 0.3124
45.48 -0.9668 0.3358
45.50 -0.9626 0.3586
45.51 -0.9580 0.3813
45.52 -0.9533 0.4033
45.53 -0.9481 0.4256
45.54 -0.9430 0.4469
45.56 -0.9373 0.4687
45.57 -0.9317 0.4894
45.58 -0.9255 0.5107
45.59 -0.9194 0.5309
45.61 -0.9130 0.5506
45.62 -0.9066 0.5696
45.63 -0.8998 0.5887
45.64 -0.8931 0.6072
45.65 -0.8858 0.6257
45.66 -0.8787 0.6436
45.67 -0.8710 0.6616
45.69 -0.8634 0.6790
45.70 -0.8552 0.6965
45.71 -0.8473 0.7133
45.72 -0.8387 0.7302
45.73 -0.8303 0.7465
45.74 -0.8213 0.7629
45.76 -0.8125 0.7786
45.77 -0.8030 0.7945
45.78 -0.7938 0.8097
45.79 -0.7839 0.8250
45.80 -0.7742 0.8397
45.81 -0.7639 0.8545
45.83 -0.7538 0.8686
45.84 -0.7430 0.8828
45.85 -0.7325 0.8965
45.86 -0.7206 0.9108
45.88 -0.7093 0.9243
45.89 -0.6975 0.9375
45.90 -0.6860 0.9501
45.91 -0.6732 0.9633
45.93 -0.6609 0.9756
45.94 -0.6474 0.9883
45.95 -0.6345 1.0001
45.97 -0.6205 1.0122
45.98 -0.6071 1.0234
45.99 -0.5925 1.0348
46.01 -0.5786 1.0455
46.02 -0.5634 1.0563
46.04 -0.5489 1.0664
46.05 -0.5331 1.0765
46.07 -0.5180 1.0860
46.08 -0.5016 1.0956
46.09 -0.4859 1.1045
46.11 -0.4688 1.1133
46.12 -0.4525 1.1216
46.14 -0.4347 1.1298
46.16 -0.4177 1.1375
46.17 -0.3984 1.1454
46.19 -0.3802 1.1527
46.21 -0.3599 1.1599
46.22 -0.3409 1.1664
46.24 -0.3200 1.1729
46.26 -0.3002 1.1787
46.27 -0.2786 1.1843
46.29 -0.2581 1.1894
46.31 -0.2359 1.1941
46.33 -0.2148 1.1984
46.35 -0.1909 1.2025
46.37 -0.1684 1.2061
46.39 -0.1437 1.2092
46.41 -0.1205 1.2119
46.43 -0.0955 1.2141
46.45 -0.0717 1.2158
46.47 -0.0465 1.2170
46.49 -0.0225 1.2177
46.51 0.0028 1.2179
46.53 0.0271 1.2176
46.55 0.0522 1.2167
46.57 0.0766 1.2154
46.59 0.1015 1.2136
46.61 0.1259 1.2113
46.63 0.1504 1.2085
46.65 0.1748 1.2050
46.67 0.1989 1.2012
46.69 0.2231 1.1967
46.71 0.2466 1.1919
46.73 0.2693 1.1866
46.75 0.2914 1.1810
46.77 0.3132 1.1748
46.78 0.3344 1.1685
46.80 0.3553 1.1614
46.82 0.3757 1.1542
46.84 0.3959 1.1463
46.85 0.4154 1.1384
46.87 0.4339 1.1301
46.89 0.4520 1.1217
46.90 0.4696 1.1127
46.92 0.4868 1.1038
46.93 0.5037 1.0941
46.95 0.5201 1.0845
46.96 0.5363 1.0743
46.98 0.5520 1.0641
46.99 0.5675 1.0532
47.01 0.5825 1.0424
47.02 0.5973 1.0308
47.03 0.6116 1.0195
47.05 0.6258 1.0073
47.06 0.6395 0.9953
47.08 0.6531 0.9825
47.09 0.6662 0.9701
47.10 0.6793 0.9566
47.12 0.6917 0.9436
47.13 0.7042 0.9295
47.14 0.7161 0.9159
47.16 0.7281 0.9013
47.17 0.7394 0.8871
47.18 0.7503 0.8726
47.19 0.7608 0.8584
47.21 0.7711 0.8435
47.22 0.7811 0.8288
47.23 0.7910 0.8133
47.24 0.8005 0.7982
47.25 0.8099 0.7821
47.26 0.8190 0.7665
47.28 0.8280 0.7499
47.29 0.8366 0.7338
47.30 0.8451 0.7167
47.31 0.8533 0.7000
47.32 0.8614 0.6823
47.33 0.8691 0.6652
47.35 0.8768 0.6470
47.36 0.8841 0.6293
47.37 0.8913 0.6106
47.38 0.8982 0.5924
47.39 0.9050 0.5731
47.40 0.9114 0.5545
47.42 0.9177 0.5347
47.43 0.9237 0.5156
47.44 0.9296 0.4953
47.45 0.9351 0.4757
47.46 0.9405 0.4549
47.47 0.9456 0.4349
47.49 0.9508 0.4125
47.50 0.9555 0.3913
47.51 0.9602 0.3685
47.52 0.9644 0.3467
47.53 0.9686 0.3234
47.55 0.9723 0.3011
47.56 0.9759 0.2774
47.57 0.9791 0.2547
47.58 0.9822 0.2294
47.60 0.9849 0.2054
47.61 0.9875 0.1795
47.62 0.9896 0.1550
47.63 0.9914 0.1288
47.65 0.9929 0.1038
47.66 0.9942 0.0764
47.67 0.9950 0.0504
47.69 0.9955 0.0229
47.70 0.9957 -0.0037
47.72 0.9954 -0.0309
47.73 0.9948 -0.0577
47.74 0.9939 -0.0846
47.76 0.9925 -0.1115
47.77 0.9908 -0.1380
47.78 0.9887 -0.1651
47.80 0.9864 -0.1912
47.81 0.9836 -0.2168
47.82 0.9807 -0.2416
47.84 0.9774 -0.2666
47.85 0.9739 -0.2907
47.86 0.9701 -0.3140
47.87 0.9662 -0.3367
47.88 0.9620 -0.3593
47.90 0.9576 -0.3812
47.91 0.9528 -0.4034
47.92 0.9480 -0.4247
47.93 0.9426 -0.4464
47.94 0.9373 -0.4672
47.96 0.9314 -0.4884
47.97 0.9257 -0.5087
47.98 0.9196 -0.5284
47.99 0.9136 -0.5475
48.00 0.9071 -0.5667
48.01 0.9007 -0.5852
48.03 0.8937 -0.6038
48.04 0.8869 -0.6218
48.05 0.8795 -0.6400
48.06 0.8723 -0.6575
48.07 0.8645 -0.6752
48.08 0.8568 -0.6921
48.09 0.8486 -0.7093
48.11 0.8405 -0.7257
48.12 0.8318 -0.7424
48.13 0.8233 -0.7583
48.14 0.8142 -0.7744
48.15 0.8053 -0.7898
48.16 0.7957 -0.8053
48.18 0.7865 -0.8202
48.19 0.7764 -0.8353
48.20 0.7667 -0.8496
48.21 0.7563 -0.8641
48.22 0.7462 -0.8779
48.24 0.7353 -0.8919
48.25 0.7247 -0.9052
48.26 0.7133 -0.9186
48.27 0.7023 -0.9314
48.28 0.6905 -0.9443
48.30 0.6791 -0.9565
48.31 0.6661 -0.9695
48.32 0.6538 -0.9816
48.34 0.6402 -0.9940
48.35 0.6274 -1.0056
48.36 0.6133 -1.0174
48.38 0.5999 -1.0284
48.39 0.5852 -1.0396
48.40 0.5713 -1.0501
48.42 0.5560 -1.0606
48.43 0.5415 -1.0705
48.45 0.5257 -1.0804
48.46 0.5106 -1.0897
48.47 0.4942 -1.0990
48.49 0.4785 -1.1076
48.50 0.4615 -1.1163
48.52 0.4452 -1.1244
48.53 0.4275 -1.1324
48.55 0.4106 -1.1398
48.57 0.3914 -1.1475
48.58 0.3732 -1.1545
48.60 0.3531 -1.1615
48.62 0.3342 -1.1679
48.63 0.3134 -1.1741
48.65 0.2938 -1.1798
48.67 0.2724 -1.1852
48.69 0.2521 -1.1901
48.70 0.2301 -1.1946
48.72 0.2092 -1.1988
48.74 0.1856 -1.2027
48.76 0.1635 -1.2061
48.78 0.1391 -1.2091
48.80 0.1163 -1.2116
48.82 0.0916 -1.2137
48.84 0.0682 -1.2153
48.86 0.0435 -1.2164
48.88 0.0198 -1.2170
48.90 -0.0050 -1.2172
48.92 -0.0289 -1.2168
48.94 -0.0535 -1.2160
48.96 -0.0775 -1.2147
48.98 -0.1019 -1.2129
49.00 -0.1259 -1.2106
49.02 -0.1500 -1.2078
49.04 -0.1739 -1.2045
49.06 -0.1976 -1.2008
49.08 -0.2214 -1.1963
49.10 -0.2446 -1.1917
49.11 -0.2669 -1.1865
49.13 -0.2887 -1.1810
49.15 -0.3102 -1.1750
49.17 -0.3311 -1.1688
49.19 -0.3518 -1.1619
49.20 -0.3719 -1.1549
49.22 -0.3919 -1.1472
49.24 -0.4113 -1.1394
49.25 -0.4296 -1.1313
49.27 -0.4475 -1.1231
49.29 -0.4650 -1.1143
49.30 -0.4821 -1.1056
49.32 -0.4989 -1.0962
49.33 -0.5152 -1.0868
49.35 -0.5313 -1.0767
49.36 -0.5469 -1.0667
49.38 -0.5623 -1.0560
49.39 -0.5773 -1.0454
49.40 -0.5921 -1.0341
49.42 -0.6064 -1.0230
49.43 -0.6206 -1.0110
49.45 -0.6342 -0.9993
49.46 -0.6478 -0.9867
49.47 -0.6609 -0.9744
49.49 -0.6739 -0.9612
49.50 -0.6864 -0.9484
49.51 -0.6989 -0.9346
49.53 -0.7109 -0.9212
49.54 -0.7222 -0.9075
49.55 -0.7333 -0.8941
49.56 -0.7441 -0.8799
49.57 -0.7546 -0.8660
49.59 -0.7650 -0.8513
49.60 -0.7750 -0.8370
49.61 -0.7849 -0.8217
49.62 -0.7945 -0.8069
49.63 -0.8040 -0.7911
49.65 -0.8131 -0.7758
49.66 -0.8222 -0.7595
49.67 -0.8308 -0.7436
49.68 -0.8395 -0.7268
49.69 -0.8477 -0.7105
49.70 -0.8559 -0.6930
49.72 -0.8637 -0.6762
49.73 -0.8715 -0.6583
49.74 -0.8788 -0.6410
49.75 -0.8862 -0.6225
49.76 -0.8931 -0.6047
49.77 -0.9000 -0.5857
49.78 -0.9065 -0.5675
49.80 -0.9129 -0.5480
49.81 -0.9190 -0.5293
49.82 -0.9250 -0.5094
49.83 -0.9306 -0.4902
49.84 -0.9361 -0.4698
49.85 -0.9413 -0.4502
49.86 -0.9464 -0.4294
49.88 -0.9511 -0.4093
49.89 -0.9559 -0.3870
49.90 -0.9603 -0.3658
49.91 -0.9646 -0.3430
49.92 -0.9685 -0.3213
49.93 -0.9723 -0.2982
49.95 -0.9757 -0.2760
49.96 -0.9789 -0.2524
49.97 -0.9818 -0.2298
49.98 -0.9845 -0.2048
50.00 -0.9869 -0.1810
50.00 -0.9876 -0.1732
