0.00 1.0000 0.0000
0.02 0.9996 -0.0392
0.04 0.9985 -0.0767
0.06 0.9968 -0.1131
0.07 0.9944 -0.1486
0.09 0.9915 -0.1835
0.11 0.9880 -0.2177
0.13 0.9840 -0.2513
0.14 0.9794 -0.2843
0.16 0.9743 -0.3166
0.18 0.9687 -0.3482
0.19 0.9627 -0.3791
0.21 0.9562 -0.4093
0.23 0.9494 -0.4388
0.24 0.9421 -0.4675
0.26 0.9345 -0.4955
0.27 0.9265 -0.5228
0.29 0.9181 -0.5494
0.31 0.9094 -0.5753
0.32 0.9004 -0.6005
0.34 0.8911 -0.6251
0.35 0.8814 -0.6491
0.37 0.8715 -0.6724
0.38 0.8612 -0.6952
0.40 0.8507 -0.7173
0.41 0.8398 -0.7389
0.43 0.8286 -0.7600
0.44 0.8172 -0.7805
0.46 0.8054 -0.8006
0.47 0.7934 -0.8201
0.49 0.7810 -0.8391
0.50 0.7683 -0.8576
0.52 0.7553 -0.8757
0.53 0.7420 -0.8933
0.55 0.7283 -0.9104
0.56 0.7143 -0.9271
0.58 0.7000 -0.9434
0.59 0.6853 -0.9592
0.61 0.6703 -0.9745
0.62 0.6549 -0.9895
0.64 0.6391 -1.0040
0.65 0.6230 -1.0181
0.67 0.6064 -1.0318
0.69 0.5894 -1.0451
0.70 0.5720 -1.0579
0.72 0.5542 -1.0704
0.74 0.5359 -1.0824
0.75 0.5171 -1.0940
0.77 0.4978 -1.1052
0.79 0.4781 -1.1159
0.81 0.4578 -1.1263
0.83 0.4370 -1.1361
0.85 0.4156 -1.1456
0.86 0.3936 -1.1546
0.88 0.3710 -1.1631
0.90 0.3478 -1.1712
0.92 0.3239 -1.1788
0.94 0.2994 -1.1859
0.97 0.2743 -1.1924
0.99 0.2484 -1.1985
1.01 0.2219 -1.2040
1.03 0.1946 -1.2089
1.06 0.1667 -1.2132
1.08 0.1382 -1.2168
1.10 0.1090 -1.2198
1.13 0.0792 -1.2222
1.15 0.0489 -1.2237
1.18 0.0181 -1.2246
1.20 -0.0130 -1.2247
1.23 -0.0444 -1.2239
1.25 -0.0759 -1.2224
1.28 -0.1073 -1.2200
1.31 -0.1387 -1.2168
1.33 -0.1697 -1.2127
1.36 -0.2004 -1.2079
1.38 -0.2305 -1.2023
1.41 -0.2600 -1.1959
1.43 -0.2888 -1.1887
1.45 -0.3169 -1.1809
1.48 -0.3441 -1.1724
1.50 -0.3706 -1.1633
1.52 -0.3962 -1.1535
1.54 -0.4210 -1.1432
1.56 -0.4450 -1.1324
1.58 -0.4682 -1.1211
1.60 -0.4906 -1.1092
1.62 -0.5123 -1.0969
1.64 -0.5332 -1.0841
1.66 -0.5535 -1.0709
1.68 -0.5731 -1.0572
1.70 -0.5921 -1.0431
1.72 -0.6104 -1.0286
1.73 -0.6282 -1.0136
1.75 -0.6455 -0.9983
1.77 -0.6622 -0.9826
1.78 -0.6783 -0.9664
1.80 -0.6940 -0.9499
1.82 -0.7093 -0.9330
1.83 -0.7240 -0.9156
1.85 -0.7384 -0.8979
1.86 -0.7523 -0.8798
1.88 -0.7657 -0.8612
1.90 -0.7788 -0.8423
1.91 -0.7915 -0.8230
1.93 -0.8038 -0.8032
1.94 -0.8158 -0.7830
1.96 -0.8273 -0.7624
1.97 -0.8385 -0.7414
1.99 -0.8494 -0.7199
2.00 -0.8599 -0.6980
2.02 -0.8700 -0.6757
2.03 -0.8799 -0.6529
2.04 -0.8893 -0.6296
2.06 -0.8984 -0.6058
2.07 -0.9072 -0.5816
2.09 -0.9157 -0.5569
2.10 -0.9238 -0.5316
2.12 -0.9315 -0.5059
2.13 -0.9389 -0.4796
2.15 -0.9459 -0.4528
2.16 -0.9526 -0.4254
2.18 -0.9589 -0.3975
2.19 -0.9647 -0.3690
2.21 -0.9703 -0.3399
2.23 -0.9753 -0.3103
2.24 -0.9800 -0.2800
2.26 -0.9842 -0.2492
2.27 -0.9880 -0.2178
2.29 -0.9913 -0.1859
2.31 -0.9941 -0.1534
2.32 -0.9964 -0.1204
2.34 -0.9981 -0.0870
2.36 -0.9993 -0.0532
2.37 -0.9999 -0.0190
2.39 -0.9999 0.0154
2.41 -0.9994 0.0500
2.43 -0.9982 0.0846
2.44 -0.9964 0.1192
2.46 -0.9941 0.1536
2.48 -0.9911 0.1877
2.50 -0.9876 0.2215
2.51 -0.9835 0.2548
2.53 -0.9789 0.2875
2.55 -0.9738 0.3197
2.56 -0.9682 0.3512
2.58 -0.9621 0.3820
2.60 -0.9556 0.4121
2.61 -0.9487 0.4414
2.63 -0.9414 0.4701
2.64 -0.9338 0.4980
2.66 -0.9257 0.5252
2.68 -0.9173 0.5518
2.69 -0.9086 0.5776
2.71 -0.8996 0.6028
2.72 -0.8902 0.6273
2.74 -0.8806 0.6512
2.75 -0.8706 0.6745
2.77 -0.8603 0.6972
2.78 -0.8497 0.7193
2.80 -0.8388 0.7409
2.81 -0.8276 0.7619
2.83 -0.8161 0.7824
2.84 -0.8044 0.8023
2.86 -0.7923 0.8218
2.87 -0.7799 0.8408
2.89 -0.7671 0.8593
2.90 -0.7541 0.8773
2.92 -0.7408 0.8948
2.93 -0.7271 0.9119
2.95 -0.7131 0.9286
2.96 -0.6987 0.9448
2.98 -0.6840 0.9606
2.99 -0.6689 0.9759
3.01 -0.6535 0.9908
3.02 -0.6377 1.0053
3.04 -0.6215 1.0194
3.06 -0.6049 1.0330
3.07 -0.5879 1.0463
3.09 -0.5704 1.0591
3.11 -0.5526 1.0715
3.12 -0.5342 1.0835
3.14 -0.5154 1.0950
3.16 -0.4961 1.1062
3.18 -0.4763 1.1169
3.19 -0.4559 1.1272
3.21 -0.4351 1.1370
3.23 -0.4136 1.1464
3.25 -0.3916 1.1554
3.27 -0.3689 1.1639
3.29 -0.3457 1.1719
3.31 -0.3218 1.1794
3.33 -0.2972 1.1865
3.35 -0.2720 1.1930
3.37 -0.2461 1.1990
3.40 -0.2195 1.2044
3.42 -0.1922 1.2093
3.44 -0.1642 1.2135
3.46 -0.1356 1.2171
3.49 -0.1063 1.2201
3.51 -0.0765 1.2223
3.54 -0.0461 1.2239
3.56 -0.0153 1.2246
3.59 0.0158 1.2246
3.61 0.0472 1.2238
3.64 0.0787 1.2222
3.67 0.1102 1.2197
3.69 0.1415 1.2165
3.72 0.1725 1.2123
3.74 0.2031 1.2074
3.77 0.2332 1.2017
3.79 0.2626 1.1953
3.82 0.2914 1.1881
3.84 0.3194 1.1802
3.86 0.3466 1.1716
3.89 0.3729 1.1624
3.91 0.3985 1.1527
3.93 0.4232 1.1423
3.95 0.4471 1.1314
3.97 0.4702 1.1200
3.99 0.4926 1.1081
4.01 0.5142 1.0958
4.03 0.5351 1.0829
4.05 0.5553 1.0697
4.07 0.5748 1.0559
4.08 0.5937 1.0418
4.10 0.6121 1.0273
4.12 0.6298 1.0123
4.14 0.6470 0.9969
4.15 0.6636 0.9812
4.17 0.6798 0.9650
4.19 0.6954 0.9484
4.20 0.7106 0.9314
4.22 0.7253 0.9141
4.23 0.7396 0.8963
4.25 0.7535 0.8781
4.27 0.7669 0.8596
4.28 0.7800 0.8406
4.30 0.7926 0.8212
4.31 0.8049 0.8014
4.33 0.8168 0.7812
4.34 0.8284 0.7606
4.36 0.8395 0.7395
4.37 0.8504 0.7180
4.39 0.8608 0.6961
4.40 0.8709 0.6737
4.42 0.8807 0.6508
4.43 0.8902 0.6275
4.44 0.8992 0.6037
4.46 0.9080 0.5794
4.47 0.9164 0.5546
4.49 0.9245 0.5294
4.50 0.9322 0.5036
4.52 0.9395 0.4772
4.53 0.9465 0.4504
4.55 0.9532 0.4229
4.56 0.9594 0.3950
4.58 0.9653 0.3664
4.60 0.9707 0.3373
4.61 0.9758 0.3076
4.63 0.9804 0.2773
4.64 0.9846 0.2464
4.66 0.9883 0.2150
4.68 0.9916 0.1830
4.69 0.9943 0.1505
4.71 0.9966 0.1175
4.73 0.9983 0.0840
4.74 0.9994 0.0501
4.76 1.0000 0.0159
4.78 0.9999 -0.0185
4.79 0.9993 -0.0531
4.81 0.9981 -0.0877
4.83 0.9963 -0.1223
4.85 0.9938 -0.1566
4.86 0.9908 -0.1907
4.88 0.9873 -0.2245
4.90 0.9831 -0.2577
4.91 0.9785 -0.2904
4.93 0.9733 -0.3225
4.95 0.9677 -0.3539
4.96 0.9616 -0.3847
4.98 0.9550 -0.4147
5.00 0.9481 -0.4440
5.01 0.9408 -0.4726
5.03 0.9331 -0.5005
5.04 0.9250 -0.5276
5.06 0.9166 -0.5541
5.08 0.9078 -0.5799
5.09 0.8988 -0.6050
5.11 0.8894 -0.6295
5.12 0.8797 -0.6533
5.14 0.8697 -0.6765
5.15 0.8594 -0.6992
5.17 0.8488 -0.7213
5.18 0.8378 -0.7428
5.20 0.8266 -0.7637
5.21 0.8151 -0.7842
5.23 0.8033 -0.8041
5.24 0.7912 -0.8235
5.26 0.7787 -0.8425
5.27 0.7660 -0.8609
5.29 0.7529 -0.8789
5.30 0.7396 -0.8964
5.32 0.7259 -0.9135
5.33 0.7118 -0.9301
5.35 0.6974 -0.9462
5.36 0.6827 -0.9620
5.38 0.6676 -0.9773
5.39 0.6521 -0.9922
5.41 0.6363 -1.0066
5.43 0.6200 -1.0206
5.44 0.6034 -1.0343
5.46 0.5864 -1.0474
5.47 0.5689 -1.0602
5.49 0.5509 -1.0726
5.51 0.5326 -1.0845
5.53 0.5137 -1.0961
5.54 0.4944 -1.1072
5.56 0.4745 -1.1178
5.58 0.4541 -1.1281
5.60 0.4332 -1.1379
5.62 0.4117 -1.1473
5.64 0.3896 -1.1562
5.65 0.3669 -1.1646
5.67 0.3436 -1.1726
5.70 0.3196 -1.1801
5.72 0.2950 -1.1871
5.74 0.2697 -1.1936
5.76 0.2437 -1.1995
5.78 0.2171 -1.2049
5.80 0.1897 -1.2097
5.83 0.1617 -1.2139
5.85 0.1330 -1.2174
5.87 0.1037 -1.2203
5.90 0.0738 -1.2225
5.92 0.0434 -1.2240
5.95 0.0126 -1.2247
5.97 -0.0186 -1.2246
6.00 -0.0500 -1.2237
6.03 -0.0815 -1.2220
6.05 -0.1130 -1.2195
6.08 -0.1442 -1.2161
6.10 -0.1752 -1.2120
6.13 -0.2058 -1.2070
6.15 -0.2358 -1.2012
6.18 -0.2652 -1.1947
6.20 -0.2939 -1.1874
6.23 -0.3218 -1.1795
6.25 -0.3489 -1.1708
6.27 -0.3752 -1.1616
6.29 -0.4007 -1.1518
6.31 -0.4254 -1.1414
6.34 -0.4492 -1.1304
6.36 -0.4723 -1.1190
6.38 -0.4945 -1.1071
6.40 -0.5161 -1.0946
6.41 -0.5369 -1.0818
6.43 -0.5570 -1.0685
6.45 -0.5765 -1.0547
6.47 -0.5954 -1.0405
6.49 -0.6137 -1.0260
6.50 -0.6313 -1.0110
6.52 -0.6485 -0.9955
6.54 -0.6651 -0.9797
6.56 -0.6812 -0.9635
6.57 -0.6968 -0.9469
6.59 -0.7119 -0.9299
6.60 -0.7266 -0.9125
6.62 -0.7409 -0.8947
6.63 -0.7547 -0.8765
6.65 -0.7681 -0.8579
6.67 -0.7811 -0.8389
6.68 -0.7938 -0.8195
6.70 -0.8060 -0.7996
6.71 -0.8179 -0.7794
6.73 -0.8294 -0.7587
6.74 -0.8405 -0.7376
6.76 -0.8513 -0.7161
6.77 -0.8617 -0.6941
6.79 -0.8718 -0.6717
6.80 -0.8816 -0.6488
6.81 -0.8910 -0.6254
6.83 -0.9000 -0.6016
6.84 -0.9088 -0.5772
6.86 -0.9171 -0.5524
6.87 -0.9252 -0.5271
6.89 -0.9329 -0.5012
6.90 -0.9402 -0.4749
6.92 -0.9471 -0.4480
6.93 -0.9537 -0.4205
6.95 -0.9599 -0.3924
6.97 -0.9658 -0.3638
6.98 -0.9712 -0.3347
7.00 -0.9762 -0.3049
7.01 -0.9808 -0.2746
7.03 -0.9850 -0.2437
7.04 -0.9886 -0.2122
7.06 -0.9918 -0.1801
7.08 -0.9946 -0.1476
7.09 -0.9967 -0.1145
7.11 -0.9984 -0.0810
7.13 -0.9995 -0.0471
7.14 -1.0000 -0.0129
7.16 -0.9999 0.0216
7.18 -0.9992 0.0562
7.20 -0.9980 0.0908
7.21 -0.9961 0.1253
7.23 -0.9936 0.1597
7.25 -0.9906 0.1938
7.27 -0.9869 0.2274
7.28 -0.9827 0.2606
7.30 -0.9780 0.2933
7.32 -0.9728 0.3253
7.33 -0.9672 0.3567
7.35 -0.9610 0.3874
7.37 -0.9545 0.4174
7.38 -0.9475 0.4466
7.40 -0.9401 0.4751
7.41 -0.9324 0.5029
7.43 -0.9243 0.5300
7.45 -0.9158 0.5564
7.46 -0.9071 0.5821
7.48 -0.8980 0.6072
7.49 -0.8885 0.6316
7.51 -0.8788 0.6554
7.52 -0.8688 0.6786
7.54 -0.8584 0.7012
7.55 -0.8478 0.7232
7.57 -0.8369 0.7447
7.58 -0.8256 0.7656
7.60 -0.8141 0.7860
7.61 -0.8022 0.8059
7.63 -0.7901 0.8252
7.64 -0.7776 0.8441
7.66 -0.7649 0.8625
7.67 -0.7518 0.8805
7.69 -0.7384 0.8979
7.70 -0.7246 0.9150
7.72 -0.7106 0.9315
7.73 -0.6961 0.9477
7.75 -0.6814 0.9634
7.76 -0.6662 0.9786
7.78 -0.6507 0.9935
7.79 -0.6349 1.0079
7.81 -0.6186 1.0219
7.83 -0.6019 1.0354
7.84 -0.5848 1.0486
7.86 -0.5673 1.0613
7.88 -0.5493 1.0737
7.89 -0.5309 1.0856
7.91 -0.5120 1.0971
7.93 -0.4926 1.1081
7.95 -0.4727 1.1188
7.96 -0.4523 1.1290
7.98 -0.4313 1.1388
8.00 -0.4097 1.1481
8.02 -0.3876 1.1570
8.04 -0.3649 1.1654
8.06 -0.3415 1.1733
8.08 -0.3175 1.1808
8.10 -0.2928 1.1877
8.12 -0.2674 1.1941
8.14 -0.2414 1.2000
8.17 -0.2147 1.2054
8.19 -0.1873 1.2101
8.21 -0.1592 1.2142
8.24 -0.1304 1.2177
8.26 -0.1011 1.2206
8.28 -0.0711 1.2227
8.31 -0.0407 1.2241
8.34 -0.0098 1.2247
8.36 0.0214 1.2246
8.39 0.0528 1.2236
8.41 0.0843 1.2218
8.44 0.1157 1.2192
8.46 0.1470 1.2158
8.49 0.1780 1.2116
8.51 0.2085 1.2065
8.54 0.2384 1.2007
8.56 0.2678 1.1941
8.59 0.2964 1.1867
8.61 0.3243 1.1787
8.63 0.3513 1.1701
8.66 0.3775 1.1608
8.68 0.4029 1.1509
8.70 0.4275 1.1404
8.72 0.4513 1.1295
8.74 0.4743 1.1180
8.76 0.4965 1.1060
8.78 0.5180 1.0935
8.80 0.5387 1.0806
8.82 0.5588 1.0673
8.84 0.5782 1.0535
8.85 0.5970 1.0393
8.87 0.6153 1.0247
8.89 0.6329 1.0096
8.91 0.6500 0.9942
8.92 0.6665 0.9783
8.94 0.6826 0.9621
8.96 0.6982 0.9454
8.97 0.7133 0.9284
8.99 0.7279 0.9110
9.00 0.7421 0.8931
9.02 0.7559 0.8749
9.04 0.7693 0.8563
9.05 0.7823 0.8372
9.07 0.7949 0.8178
9.08 0.8071 0.7979
9.10 0.8189 0.7776
9.11 0.8304 0.7569
9.13 0.8415 0.7357
9.14 0.8522 0.7142
9.16 0.8627 0.6921
9.17 0.8727 0.6697
9.19 0.8824 0.6467
9.20 0.8918 0.6233
9.21 0.9008 0.5995
9.23 0.9095 0.5751
9.24 0.9179 0.5502
9.26 0.9259 0.5248
9.27 0.9335 0.4989
9.29 0.9408 0.4725
9.30 0.9477 0.4456
9.32 0.9543 0.4180
9.33 0.9605 0.3900
9.35 0.9663 0.3613
9.37 0.9717 0.3321
9.38 0.9767 0.3023
9.40 0.9812 0.2719
9.41 0.9853 0.2409
9.43 0.9890 0.2094
9.45 0.9921 0.1773
9.46 0.9948 0.1447
9.48 0.9969 0.1116
9.50 0.9985 0.0780
9.51 0.9995 0.0441
9.53 1.0000 0.0098
9.55 0.9999 -0.0246
9.56 0.9992 -0.0592
9.58 0.9978 -0.0938
9.60 0.9959 -0.1284
9.62 0.9934 -0.1627
9.63 0.9903 -0.1968
9.65 0.9866 -0.2304
9.67 0.9824 -0.2635
9.69 0.9776 -0.2961
9.70 0.9724 -0.3281
9.72 0.9666 -0.3594
9.74 0.9605 -0.3901
9.75 0.9539 -0.4200
9.77 0.9468 -0.4492
9.78 0.9394 -0.4776
9.80 0.9317 -0.5054
9.81 0.9236 -0.5324
9.83 0.9151 -0.5587
9.85 0.9063 -0.5844
9.86 0.8971 -0.6094
9.88 0.8877 -0.6337
9.89 0.8780 -0.6575
9.91 0.8679 -0.6806
9.92 0.8575 -0.7031
9.94 0.8469 -0.7251
9.95 0.8359 -0.7465
9.97 0.8246 -0.7674
9.98 0.8131 -0.7878
10.00 0.8012 -0.8076
10.01 0.7890 -0.8269
10.03 0.7765 -0.8458
10.04 0.7637 -0.8641
10.06 0.7506 -0.8820
10.07 0.7372 -0.8995
10.09 0.7234 -0.9164
10.10 0.7093 -0.9330
10.12 0.6949 -0.9491
10.13 0.6801 -0.9647
10.15 0.6649 -0.9800
10.16 0.6494 -0.9948
10.18 0.6335 -1.0091
10.20 0.6171 -1.0231
10.21 0.6004 -1.0366
10.23 0.5833 -1.0498
10.24 0.5657 -1.0625
10.26 0.5477 -1.0747
10.28 0.5293 -1.0866
10.30 0.5103 -1.0981
10.31 0.4909 -1.1091
10.33 0.4709 -1.1197
10.35 0.4505 -1.1299
10.37 0.4294 -1.1396
10.39 0.4078 -1.1489
10.41 0.3856 -1.1577
10.43 0.3628 -1.1661
10.45 0.3394 -1.1740
10.47 0.3153 -1.1814
10.49 0.2906 -1.1883
10.51 0.2652 -1.1947
10.53 0.2391 -1.2005
10.55 0.2123 -1.2058
10.58 0.1848 -1.2105
10.60 0.1567 -1.2146
10.62 0.1279 -1.2180
10.65 0.0985 -1.2208
10.67 0.0685 -1.2229
10.70 0.0380 -1.2242
10.72 0.0071 -1.2248
10.75 -0.0241 -1.2245
10.77 -0.0555 -1.2235
10.80 -0.0870 -1.2217
10.82 -0.1185 -1.2190
10.85 -0.1497 -1.2155
10.87 -0.1807 -1.2112
10.90 -0.2111 -1.2060
10.92 -0.2411 -1.2001
10.95 -0.2703 -1.1935
10.97 -0.2989 -1.1861
11.00 -0.3267 -1.1780
11.02 -0.3536 -1.1693
11.04 -0.3798 -1.1599
11.06 -0.4051 -1.1500
11.09 -0.4296 -1.1395
11.11 -0.4533 -1.1285
11.13 -0.4762 -1.1170
11.15 -0.4984 -1.1049
11.17 -0.5198 -1.0924
11.19 -0.5405 -1.0795
11.20 -0.5605 -1.0661
11.22 -0.5799 -1.0523
11.24 -0.5987 -1.0380
11.26 -0.6168 -1.0234
11.28 -0.6344 -1.0083
11.29 -0.6515 -0.9928
11.31 -0.6680 -0.9769
11.33 -0.6840 -0.9607
11.34 -0.6995 -0.9440
11.36 -0.7146 -0.9269
11.37 -0.7292 -0.9094
11.39 -0.7434 -0.8916
11.41 -0.7571 -0.8733
11.42 -0.7705 -0.8546
11.44 -0.7834 -0.8355
11.45 -0.7960 -0.8160
11.47 -0.8081 -0.7961
11.48 -0.8199 -0.7758
11.50 -0.8314 -0.7551
11.51 -0.8425 -0.7339
11.53 -0.8532 -0.7123
11.54 -0.8636 -0.6902
11.56 -0.8736 -0.6677
11.57 -0.8833 -0.6447
11.58 -0.8926 -0.6213
11.60 -0.9016 -0.5973
11.61 -0.9103 -0.5729
11.63 -0.9186 -0.5480
11.64 -0.9266 -0.5226
11.66 -0.9342 -0.4967
11.67 -0.9414 -0.4702
11.69 -0.9483 -0.4432
11.70 -0.9549 -0.4156
11.72 -0.9610 -0.3875
11.74 -0.9668 -0.3588
11.75 -0.9721 -0.3295
11.77 -0.9771 -0.2996
11.78 -0.9816 -0.2692
11.80 -0.9857 -0.2382
11.81 -0.9893 -0.2066
11.83 -0.9924 -0.1744
11.85 -0.9950 -0.1418
11.86 -0.9971 -0.1086
11.88 -0.9986 -0.0751
11.90 -0.9996 -0.0411
11.92 -1.0000 -0.0068
11.93 -0.9999 0.0276
11.95 -0.9991 0.0622
11.97 -0.9977 0.0969
11.98 -0.9957 0.1314
12.00 -0.9931 0.1657
12.02 -0.9900 0.1997
12.04 -0.9862 0.2333
12.05 -0.9820 0.2664
12.07 -0.9772 0.2990
12.09 -0.9719 0.3309
12.10 -0.9661 0.3621
12.12 -0.9599 0.3927
12.14 -0.9533 0.4226
12.15 -0.9462 0.4517
12.17 -0.9388 0.4801
12.18 -0.9310 0.5077
12.20 -0.9228 0.5347
12.22 -0.9143 0.5610
12.23 -0.9055 0.5866
12.25 -0.8963 0.6115
12.26 -0.8869 0.6358
12.28 -0.8771 0.6595
12.29 -0.8670 0.6826
12.31 -0.8566 0.7051
12.32 -0.8459 0.7270
12.34 -0.8349 0.7484
12.35 -0.8236 0.7692
12.37 -0.8120 0.7895
12.38 -0.8001 0.8093
12.40 -0.7879 0.8286
12.41 -0.7754 0.8474
12.43 -0.7626 0.8657
12.44 -0.7495 0.8836
12.46 -0.7360 0.9010
12.47 -0.7222 0.9179
12.49 -0.7081 0.9344
12.50 -0.6936 0.9505
12.52 -0.6788 0.9661
12.53 -0.6636 0.9813
12.55 -0.6480 0.9960
12.56 -0.6320 1.0104
12.58 -0.6157 1.0243
12.60 -0.5990 1.0378
12.61 -0.5818 1.0509
12.63 -0.5642 1.0636
12.65 -0.5462 1.0758
12.66 -0.5276 1.0876
12.68 -0.5087 1.0991
12.70 -0.4892 1.1101
12.72 -0.4692 1.1206
12.73 -0.4487 1.1307
12.75 -0.4276 1.1404
12.77 -0.4059 1.1497
12.79 -0.3837 1.1585
12.81 -0.3608 1.1668
12.83 -0.3373 1.1747
12.85 -0.3132 1.1820
12.87 -0.2884 1.1889
12.89 -0.2629 1.1952
12.92 -0.2368 1.2010
12.94 -0.2099 1.2063
12.96 -0.1824 1.2109
12.98 -0.1542 1.2149
13.01 -0.1253 1.2183
13.03 -0.0959 1.2210
13.06 -0.0658 1.2230
13.08 -0.0353 1.2243
13.11 -0.0044 1.2248
13.13 0.0269 1.2245
13.16 0.0583 1.2234
13.18 0.0898 1.2215
13.21 0.1212 1.2187
13.24 0.1524 1.2152
13.26 0.1833 1.2108
13.29 0.2138 1.2056
13.31 0.2436 1.1996
13.34 0.2728 1.1929
13.36 0.3013 1.1854
13.38 0.3291 1.1773
13.41 0.3560 1.1685
13.43 0.3820 1.1591
13.45 0.4073 1.1491
13.47 0.4317 1.1386
13.49 0.4554 1.1275
13.51 0.4782 1.1159
13.53 0.5003 1.1039
13.55 0.5216 1.0913
13.57 0.5423 1.0784
13.59 0.5623 1.0649
13.61 0.5816 1.0511
13.63 0.6003 1.0368
13.64 0.6184 1.0221
13.66 0.6359 1.0070
13.68 0.6529 0.9915
13.69 0.6694 0.9755
13.71 0.6854 0.9592
13.73 0.7009 0.9425
13.74 0.7159 0.9254
13.76 0.7304 0.9079
13.77 0.7446 0.8900
13.79 0.7583 0.8717
13.81 0.7716 0.8530
13.82 0.7845 0.8339
13.84 0.7970 0.8143
13.85 0.8092 0.7944
13.87 0.8210 0.7740
13.88 0.8324 0.7532
13.90 0.8434 0.7320
13.91 0.8541 0.7104
13.93 0.8645 0.6883
13.94 0.8745 0.6657
13.96 0.8841 0.6427
13.97 0.8934 0.6192
13.98 0.9024 0.5952
14.00 0.9110 0.5708
14.01 0.9193 0.5458
14.03 0.9272 0.5204
14.04 0.9348 0.4944
14.06 0.9421 0.4679
14.07 0.9489 0.4408
14.09 0.9554 0.4132
14.10 0.9615 0.3850
14.12 0.9673 0.3563
14.14 0.9726 0.3269
14.15 0.9775 0.2970
14.17 0.9820 0.2665
14.18 0.9860 0.2355
14.20 0.9896 0.2038
14.22 0.9926 0.1716
14.23 0.9952 0.1389
14.25 0.9972 0.1057
14.27 0.9987 0.0721
14.28 0.9997 0.0381
14.30 1.0000 0.0039
14.32 0.9998 -0.0306
14.33 0.9990 -0.0653
14.35 0.9976 -0.0999
14.37 0.9955 -0.1344
14.39 0.9929 -0.1687
14.40 0.9897 -0.2026
14.42 0.9859 -0.2362
14.44 0.9816 -0.2693
14.46 0.9768 -0.3018
14.47 0.9714 -0.3336
14.49 0.9656 -0.3648
14.51 0.9594 -0.3953
14.52 0.9527 -0.4251
14.54 0.9456 -0.4542
14.55 0.9381 -0.4825
14.57 0.9303 -0.5101
14.59 0.9221 -0.5370
14.60 0.9136 -0.5633
14.62 0.9047 -0.5888
14.63 0.8955 -0.6137
14.65 0.8860 -0.6379
14.66 0.8762 -0.6616
14.68 0.8661 -0.6846
14.69 0.8557 -0.7070
14.71 0.8450 -0.7289
14.72 0.8340 -0.7502
14.74 0.8227 -0.7710
14.75 0.8110 -0.7913
14.77 0.7991 -0.8110
14.78 0.7869 -0.8303
14.80 0.7743 -0.8490
14.81 0.7615 -0.8673
14.83 0.7483 -0.8851
14.84 0.7348 -0.9025
14.86 0.7210 -0.9194
14.87 0.7068 -0.9358
14.89 0.6923 -0.9518
14.90 0.6775 -0.9674
14.92 0.6622 -0.9826
14.93 0.6466 -0.9973
14.95 0.6307 -1.0116
14.97 0.6143 -1.0255
14.98 0.5975 -1.0390
15.00 0.5803 -1.0520
15.01 0.5627 -1.0647
15.03 0.5446 -1.0769
15.05 0.5260 -1.0887
15.07 0.5070 -1.1000
15.08 0.4875 -1.1110
15.10 0.4674 -1.1215
15.12 0.4469 -1.1316
15.14 0.4257 -1.1413
15.16 0.4040 -1.1505
15.18 0.3817 -1.1592
15.20 0.3588 -1.1675
15.22 0.3353 -1.1753
15.24 0.3111 -1.1827
15.26 0.2862 -1.1895
15.28 0.2607 -1.1958
15.30 0.2345 -1.2015
15.32 0.2076 -1.2067
15.35 0.1800 -1.2113
15.37 0.1517 -1.2153
15.39 0.1228 -1.2186
15.42 0.0933 -1.2212
15.44 0.0632 -1.2232
15.47 0.0327 -1.2244
15.49 0.0017 -1.2248
15.52 -0.0296 -1.2244
15.54 -0.0610 -1.2233
15.57 -0.0925 -1.2213
15.60 -0.1239 -1.2185
15.62 -0.1551 -1.2148
15.65 -0.1860 -1.2104
15.67 -0.2164 -1.2051
15.70 -0.2462 -1.1990
15.72 -0.2753 -1.1923
15.74 -0.3038 -1.1848
15.77 -0.3314 -1.1766
15.79 -0.3582 -1.1677
15.81 -0.3843 -1.1583
15.84 -0.4094 -1.1483
15.86 -0.4338 -1.1377
15.88 -0.4574 -1.1266
15.90 -0.4802 -1.1149
15.92 -0.5022 -1.1028
15.94 -0.5235 -1.0903
15.96 -0.5440 -1.0772
15.97 -0.5640 -1.0638
15.99 -0.5832 -1.0499
16.01 -0.6019 -1.0355
16.03 -0.6199 -1.0208
16.05 -0.6374 -1.0057
16.06 -0.6544 -0.9901
16.08 -0.6708 -0.9742
16.10 -0.6867 -0.9578
16.11 -0.7022 -0.9411
16.13 -0.7172 -0.9239
16.14 -0.7317 -0.9064
16.16 -0.7458 -0.8884
16.18 -0.7595 -0.8701
16.19 -0.7727 -0.8514
16.21 -0.7856 -0.8322
16.22 -0.7981 -0.8126
16.24 -0.8102 -0.7927
16.25 -0.8220 -0.7723
16.27 -0.8333 -0.7514
16.28 -0.8444 -0.7302
16.30 -0.8550 -0.7085
16.31 -0.8653 -0.6863
16.33 -0.8753 -0.6638
16.34 -0.8849 -0.6407
16.35 -0.8942 -0.6172
16.37 -0.9032 -0.5932
16.38 -0.9118 -0.5687
16.40 -0.9200 -0.5437
16.41 -0.9279 -0.5182
16.43 -0.9355 -0.4921
16.44 -0.9427 -0.4656
16.46 -0.9495 -0.4385
16.47 -0.9560 -0.4108
16.49 -0.9621 -0.3826
16.51 -0.9677 -0.3538
16.52 -0.9730 -0.3244
16.54 -0.9779 -0.2944
16.55 -0.9823 -0.2639
16.57 -0.9863 -0.2328
16.58 -0.9898 -0.2011
16.60 -0.9929 -0.1688
16.62 -0.9954 -0.1361
16.63 -0.9974 -0.1029
16.65 -0.9989 -0.0692
16.67 -0.9997 -0.0352
16.69 -1.0001 -0.0009
16.70 -0.9998 0.0336
16.72 -0.9989 0.0682
16.74 -0.9974 0.1028
16.75 -0.9953 0.1373
16.77 -0.9926 0.1716
16.79 -0.9894 0.2056
16.81 -0.9856 0.2391
16.82 -0.9812 0.2721
16.84 -0.9763 0.3045
16.86 -0.9709 0.3364
16.87 -0.9651 0.3675
16.89 -0.9588 0.3979
16.91 -0.9521 0.4276
16.92 -0.9450 0.4566
16.94 -0.9375 0.4849
16.95 -0.9296 0.5125
16.97 -0.9214 0.5393
16.99 -0.9128 0.5655
17.00 -0.9040 0.5910
17.02 -0.8947 0.6158
17.03 -0.8852 0.6400
17.05 -0.8754 0.6636
17.06 -0.8652 0.6865
17.08 -0.8548 0.7089
17.09 -0.8441 0.7308
17.11 -0.8330 0.7520
17.12 -0.8217 0.7728
17.14 -0.8100 0.7930
17.15 -0.7981 0.8127
17.17 -0.7858 0.8319
17.18 -0.7733 0.8506
17.20 -0.7604 0.8689
17.21 -0.7472 0.8866
17.23 -0.7337 0.9040
17.24 -0.7198 0.9208
17.26 -0.7056 0.9372
17.27 -0.6911 0.9532
17.29 -0.6762 0.9688
17.30 -0.6609 0.9839
17.32 -0.6453 0.9986
17.33 -0.6293 1.0128
17.35 -0.6129 1.0267
17.37 -0.5960 1.0401
17.38 -0.5788 1.0531
17.40 -0.5611 1.0657
17.42 -0.5430 1.0779
17.43 -0.5244 1.0897
17.45 -0.5053 1.1010
17.47 -0.4858 1.1119
17.49 -0.4657 1.1224
17.51 -0.4451 1.1325
17.52 -0.4239 1.1421
17.54 -0.4021 1.1513
17.56 -0.3798 1.1600
17.58 -0.3568 1.1682
17.60 -0.3332 1.1760
17.62 -0.3090 1.1833
17.64 -0.2841 1.1901
17.67 -0.2585 1.1963
17.69 -0.2322 1.2020
17.71 -0.2052 1.2071
17.73 -0.1776 1.2117
17.76 -0.1493 1.2156
17.78 -0.1203 1.2189
17.80 -0.0907 1.2214
17.83 -0.0606 1.2233
17.85 -0.0300 1.2244
17.88 0.0010 1.2248
17.90 0.0323 1.2244
17.93 0.0637 1.2232
17.96 0.0952 1.2211
17.98 0.1266 1.2182
18.01 0.1578 1.2145
18.03 0.1886 1.2099
18.06 0.2190 1.2046
18.08 0.2487 1.1985
18.11 0.2778 1.1917
18.13 0.3062 1.1841
18.15 0.3337 1.1758
18.18 0.3605 1.1670
18.20 0.3865 1.1575
18.22 0.4116 1.1474
18.24 0.4359 1.1367
18.26 0.4594 1.1256
18.28 0.4821 1.1139
18.30 0.5040 1.1018
18.32 0.5253 1.0892
18.34 0.5458 1.0761
18.36 0.5656 1.0626
18.38 0.5849 1.0487
18.40 0.6034 1.0343
18.41 0.6215 1.0195
18.43 0.6389 1.0044
18.45 0.6558 0.9888
18.46 0.6722 0.9728
18.48 0.6881 0.9564
18.50 0.7035 0.9396
18.51 0.7184 0.9224
18.53 0.7329 0.9049
18.54 0.7470 0.8869
18.56 0.7606 0.8685
18.58 0.7739 0.8497
18.59 0.7867 0.8305
18.61 0.7992 0.8110
18.62 0.8112 0.7909
18.64 0.8230 0.7705
18.65 0.8343 0.7496
18.67 0.8453 0.7283
18.68 0.8559 0.7066
18.70 0.8662 0.6844
18.71 0.8762 0.6618
18.73 0.8857 0.6387
18.74 0.8950 0.6151
18.75 0.9039 0.5911
18.77 0.9125 0.5666
18.78 0.9207 0.5415
18.80 0.9286 0.5160
18.81 0.9361 0.4899
18.83 0.9433 0.4633
18.84 0.9501 0.4361
18.86 0.9565 0.4084
18.87 0.9626 0.3801
18.89 0.9682 0.3513
18.91 0.9735 0.3218
18.92 0.9783 0.2918
18.94 0.9827 0.2612
18.95 0.9867 0.2301
18.97 0.9901 0.1983
18.99 0.9931 0.1661
19.00 0.9956 0.1333
19.02 0.9976 0.1000
19.04 0.9990 0.0663
19.05 0.9998 0.0323
19.07 1.0001 -0.0021
19.09 0.9997 -0.0366
19.11 0.9988 -0.0712
19.12 0.9973 -0.1058
19.14 0.9951 -0.1403
19.16 0.9924 -0.1745
19.17 0.9891 -0.2084
19.19 0.9852 -0.2419
19.21 0.9808 -0.2749
19.23 0.9759 -0.3073
19.24 0.9705 -0.3390
19.26 0.9646 -0.3701
19.28 0.9583 -0.4005
19.29 0.9515 -0.4302
19.31 0.9444 -0.4591
19.32 0.9368 -0.4873
19.34 0.9289 -0.5148
19.36 0.9207 -0.5416
19.37 0.9121 -0.5677
19.39 0.9032 -0.5931
19.40 0.8940 -0.6179
19.42 0.8844 -0.6420
19.43 0.8745 -0.6656
19.45 0.8644 -0.6885
19.46 0.8539 -0.7108
19.48 0.8431 -0.7326
19.49 0.8321 -0.7538
19.51 0.8207 -0.7745
19.52 0.8090 -0.7947
19.54 0.7970 -0.8144
19.55 0.7848 -0.8335
19.57 0.7722 -0.8522
19.58 0.7593 -0.8704
19.60 0.7460 -0.8881
19.61 0.7325 -0.9054
19.63 0.7186 -0.9222
19.64 0.7044 -0.9386
19.66 0.6898 -0.9546
19.67 0.6749 -0.9701
19.69 0.6596 -0.9852
19.70 0.6439 -0.9998
19.72 0.6279 -1.0140
19.74 0.6114 -1.0279
19.75 0.5946 -1.0413
19.77 0.5773 -1.0542
19.79 0.5596 -1.0668
19.80 0.5414 -1.0789
19.82 0.5228 -1.0907
19.84 0.5037 -1.1020
19.85 0.4841 -1.1129
19.87 0.4640 -1.1233
19.89 0.4433 -1.1333
19.91 0.4221 -1.1429
19.93 0.4003 -1.1520
19.95 0.3779 -1.1607
19.97 0.3548 -1.1689
19.99 0.3312 -1.1767
20.01 0.3069 -1.1839
20.03 0.2819 -1.1906
20.05 0.2563 -1.1968
20.07 0.2299 -1.2025
20.10 0.2029 -1.2076
20.12 0.1752 -1.2120
20.14 0.1468 -1.2159
20.17 0.1178 -1.2191
20.19 0.0882 -1.2216
20.21 0.0580 -1.2235
20.24 0.0274 -1.2245
20.26 -0.0036 -1.2248
20.29 -0.0349 -1.2243
20.32 -0.0664 -1.2230
20.34 -0.0979 -1.2209
20.37 -0.1293 -1.2179
20.39 -0.1604 -1.2141
20.42 -0.1912 -1.2095
20.44 -0.2215 -1.2041
20.47 -0.2512 -1.1980
20.49 -0.2803 -1.1911
20.52 -0.3086 -1.1834
20.54 -0.3361 -1.1751
20.56 -0.3628 -1.1662
20.58 -0.3886 -1.1566
20.61 -0.4137 -1.1465
20.63 -0.4379 -1.1358
20.65 -0.4613 -1.1246
20.67 -0.4840 -1.1129
20.69 -0.5059 -1.1007
20.71 -0.5270 -1.0881
20.73 -0.5475 -1.0750
20.75 -0.5673 -1.0614
20.76 -0.5865 -1.0475
20.78 -0.6050 -1.0331
20.80 -0.6230 -1.0183
20.82 -0.6404 -1.0031
20.83 -0.6572 -0.9874
20.85 -0.6736 -0.9714
20.87 -0.6894 -0.9550
20.88 -0.7048 -0.9382
20.90 -0.7197 -0.9210
20.91 -0.7341 -0.9034
20.93 -0.7482 -0.8854
20.95 -0.7618 -0.8669
20.96 -0.7750 -0.8481
20.98 -0.7878 -0.8289
20.99 -0.8002 -0.8093
21.01 -0.8123 -0.7892
21.02 -0.8239 -0.7688
21.04 -0.8353 -0.7479
21.05 -0.8462 -0.7265
21.07 -0.8568 -0.7048
21.08 -0.8671 -0.6825
21.10 -0.8770 -0.6599
21.11 -0.8866 -0.6367
21.12 -0.8958 -0.6131
21.14 -0.9047 -0.5890
21.15 -0.9132 -0.5645
21.17 -0.9214 -0.5394
21.18 -0.9293 -0.5138
21.20 -0.9367 -0.4876
21.21 -0.9439 -0.4610
21.23 -0.9507 -0.4338
21.24 -0.9571 -0.4060
21.26 -0.9631 -0.3777
21.28 -0.9687 -0.3488
21.29 -0.9739 -0.3193
21.31 -0.9787 -0.2893
21.32 -0.9831 -0.2586
21.34 -0.9870 -0.2274
21.35 -0.9904 -0.1956
21.37 -0.9934 -0.1633
21.39 -0.9958 -0.1305
21.40 -0.9977 -0.0972
21.42 -0.9991 -0.0634
21.44 -0.9999 -0.0294
21.46 -1.0001 0.0050
21.47 -0.9997 0.0395
21.49 -0.9987 0.0741
21.51 -0.9971 0.1087
21.53 -0.9949 0.1432
21.54 -0.9921 0.1774
21.56 -0.9888 0.2113
21.58 -0.9849 0.2447
21.59 -0.9804 0.2777
21.61 -0.9755 0.3100
21.63 -0.9700 0.3417
21.64 -0.9641 0.3727
21.66 -0.9577 0.4030
21.68 -0.9509 0.4326
21.69 -0.9438 0.4615
21.71 -0.9362 0.4897
21.72 -0.9283 0.5171
21.74 -0.9200 0.5438
21.76 -0.9114 0.5699
21.77 -0.9024 0.5953
21.79 -0.8932 0.6200
21.80 -0.8836 0.6441
21.82 -0.8737 0.6675
21.83 -0.8635 0.6904
21.85 -0.8530 0.7127
21.86 -0.8422 0.7344
21.88 -0.8311 0.7556
21.89 -0.8197 0.7763
21.91 -0.8080 0.7964
21.92 -0.7960 0.8160
21.94 -0.7837 0.8351
21.95 -0.7711 0.8538
21.97 -0.7582 0.8719
21.98 -0.7449 0.8896
22.00 -0.7313 0.9069
22.01 -0.7174 0.9237
22.03 -0.7032 0.9400
22.04 -0.6886 0.9559
22.06 -0.6736 0.9714
22.07 -0.6583 0.9864
22.09 -0.6426 1.0010
22.10 -0.6265 1.0152
22.12 -0.6100 1.0290
22.14 -0.5932 1.0424
22.15 -0.5758 1.0553
22.17 -0.5581 1.0679
22.19 -0.5399 1.0800
22.20 -0.5212 1.0917
22.22 -0.5021 1.1029
22.24 -0.4824 1.1138
22.26 -0.4622 1.1242
22.28 -0.4415 1.1342
22.29 -0.4202 1.1437
22.31 -0.3984 1.1528
22.33 -0.3759 1.1614
22.35 -0.3529 1.1696
22.37 -0.3292 1.1773
22.39 -0.3048 1.1845
22.41 -0.2798 1.1912
22.44 -0.2541 1.1973
22.46 -0.2277 1.2029
22.48 -0.2006 1.2080
22.50 -0.1728 1.2124
22.53 -0.1444 1.2162
22.55 -0.1153 1.2194
22.58 -0.0857 1.2218
22.60 -0.0555 1.2236
22.62 -0.0248 1.2246
22.65 0.0063 1.2248
22.68 0.0376 1.2243
22.70 0.0691 1.2229
22.73 0.1006 1.2207
22.75 0.1319 1.2177
22.78 0.1631 1.2138
22.80 0.1938 1.2091
22.83 0.2241 1.2037
22.85 0.2537 1.1974
22.88 0.2827 1.1904
22.90 0.3109 1.1828
22.93 0.3384 1.1744
22.95 0.3650 1.1654
22.97 0.3908 1.1558
22.99 0.4158 1.1456
23.01 0.4399 1.1349
23.03 0.4633 1.1237
23.05 0.4859 1.1119
23.07 0.5077 1.0997
23.09 0.5288 1.0870
23.11 0.5492 1.0739
23.13 0.5689 1.0603
23.15 0.5881 1.0463
23.17 0.6066 1.0319
23.18 0.6245 1.0170
23.20 0.6418 1.0018
23.22 0.6586 0.9861
23.23 0.6749 0.9701
23.25 0.6907 0.9536
23.27 0.7061 0.9368
23.28 0.7209 0.9195
23.30 0.7353 0.9019
23.31 0.7493 0.8838
23.33 0.7629 0.8654
23.35 0.7761 0.8465
23.36 0.7889 0.8273
23.38 0.8013 0.8076
23.39 0.8133 0.7875
23.41 0.8249 0.7670
23.42 0.8362 0.7461
23.44 0.8471 0.7247
23.45 0.8577 0.7029
23.47 0.8679 0.6807
23.48 0.8778 0.6579
23.49 0.8874 0.6348
23.51 0.8966 0.6111
23.52 0.9054 0.5870
23.54 0.9139 0.5624
23.55 0.9221 0.5372
23.57 0.9299 0.5116
23.58 0.9374 0.4854
23.60 0.9445 0.4587
23.61 0.9512 0.4315
23.63 0.9576 0.4037
23.64 0.9636 0.3753
23.66 0.9692 0.3463
23.68 0.9743 0.3168
23.69 0.9791 0.2867
23.71 0.9834 0.2560
23.72 0.9873 0.2247
23.74 0.9907 0.1929
23.76 0.9936 0.1606
23.77 0.9960 0.1277
23.79 0.9979 0.0943
23.81 0.9992 0.0606
23.82 0.9999 0.0265
23.84 1.0001 -0.0079
23.86 0.9996 -0.0424
23.88 0.9986 -0.0770
23.89 0.9970 -0.1116
23.91 0.9947 -0.1461
23.93 0.9919 -0.1803
23.94 0.9885 -0.2141
23.96 0.9845 -0.2475
23.98 0.9800 -0.2804
24.00 0.9750 -0.3127
24.01 0.9695 -0.3444
24.03 0.9636 -0.3753
24.05 0.9572 -0.4056
24.06 0.9504 -0.4351
24.08 0.9431 -0.4639
24.09 0.9355 -0.4920
24.11 0.9276 -0.5194
24.13 0.9193 -0.5461
24.14 0.9106 -0.5720
24.16 0.9017 -0.5974
24.17 0.8924 -0.6220
24.19 0.8828 -0.6461
24.20 0.8729 -0.6695
24.22 0.8626 -0.6923
24.23 0.8521 -0.7146
24.25 0.8413 -0.7362
24.26 0.8302 -0.7574
24.28 0.8188 -0.7780
24.29 0.8070 -0.7981
24.31 0.7950 -0.8176
24.32 0.7827 -0.8367
24.34 0.7700 -0.8553
24.35 0.7571 -0.8735
24.37 0.7438 -0.8911
24.38 0.7302 -0.9083
24.40 0.7162 -0.9251
24.41 0.7020 -0.9414
24.43 0.6873 -0.9572
24.44 0.6724 -0.9727
24.46 0.6570 -0.9877
24.47 0.6413 -1.0023
24.49 0.6252 -1.0164
24.51 0.6086 -1.0302
24.52 0.5917 -1.0435
24.54 0.5744 -1.0564
24.56 0.5566 -1.0689
24.57 0.5384 -1.0810
24.59 0.5196 -1.0926
24.61 0.5004 -1.1039
24.62 0.4807 -1.1147
24.64 0.4605 -1.1250
24.66 0.4398 -1.1350
24.68 0.4184 -1.1445
24.70 0.3965 -1.1536
24.72 0.3740 -1.1622
24.74 0.3509 -1.1703
24.76 0.3272 -1.1779
24.78 0.3027 -1.1851
24.80 0.2777 -1.1917
24.82 0.2519 -1.1978
24.84 0.2254 -1.2034
24.87 0.1983 -1.2084
24.89 0.1705 -1.2128
24.91 0.1420 -1.2165
24.94 0.1129 -1.2196
24.96 0.0832 -1.2220
24.99 0.0529 -1.2237
25.01 0.0222 -1.2247
25.04 -0.0089 -1.2248
25.06 -0.0402 -1.2242
25.09 -0.0717 -1.2228
25.11 -0.1032 -1.2205
25.14 -0.1346 -1.2174
25.16 -0.1657 -1.2135
25.19 -0.1964 -1.2087
25.21 -0.2266 -1.2032
25.24 -0.2562 -1.1969
25.26 -0.2851 -1.1898
25.29 -0.3132 -1.1821
25.31 -0.3406 -1.1737
25.33 -0.3672 -1.1646
25.36 -0.3929 -1.1550
25.38 -0.4178 -1.1448
25.40 -0.4419 -1.1340
25.42 -0.4652 -1.1227
25.44 -0.4877 -1.1109
25.46 -0.5095 -1.0987
25.48 -0.5305 -1.0859
25.50 -0.5509 -1.0728
25.52 -0.5706 -1.0591
25.53 -0.5896 -1.0451
25.55 -0.6081 -1.0306
25.57 -0.6259 -1.0158
25.59 -0.6432 -1.0005
25.60 -0.6600 -0.9848
25.62 -0.6763 -0.9687
25.64 -0.6920 -0.9522
25.65 -0.7073 -0.9354
25.67 -0.7222 -0.9181
25.68 -0.7365 -0.9004
25.70 -0.7505 -0.8823
25.72 -0.7640 -0.8638
25.73 -0.7772 -0.8450
25.75 -0.7899 -0.8257
25.76 -0.8023 -0.8060
25.78 -0.8143 -0.7858
25.79 -0.8259 -0.7653
25.81 -0.8371 -0.7443
25.82 -0.8480 -0.7229
25.84 -0.8586 -0.7011
25.85 -0.8688 -0.6788
25.87 -0.8786 -0.6560
25.88 -0.8881 -0.6328
25.89 -0.8973 -0.6091
25.91 -0.9061 -0.5850
25.92 -0.9146 -0.5603
25.94 -0.9228 -0.5351
25.95 -0.9306 -0.5094
25.97 -0.9380 -0.4832
25.98 -0.9451 -0.4565
26.00 -0.9518 -0.4292
26.01 -0.9581 -0.4013
26.03 -0.9641 -0.3729
26.05 -0.9696 -0.3439
26.06 -0.9748 -0.3143
26.08 -0.9795 -0.2842
26.09 -0.9838 -0.2534
26.11 -0.9876 -0.2221
26.12 -0.9910 -0.1902
26.14 -0.9938 -0.1578
26.16 -0.9962 -0.1249
26.17 -0.9980 -0.0915
26.19 -0.9993 -0.0578
26.21 -1.0000 -0.0236
26.23 -1.0001 0.0108
26.24 -0.9996 0.0453
26.26 -0.9985 0.0799
26.28 -0.9968 0.1145
26.30 -0.9945 0.1490
26.31 -0.9916 0.1831
26.33 -0.9882 0.2169
26.35 -0.9842 0.2503
26.36 -0.9796 0.2831
26.38 -0.9746 0.3154
26.40 -0.9691 0.3470
26.41 -0.9631 0.3779
26.43 -0.9566 0.4081
26.45 -0.9498 0.4375
26.46 -0.9425 0.4663
26.48 -0.9349 0.4943
26.49 -0.9269 0.5216
26.51 -0.9186 0.5483
26.53 -0.9099 0.5742
26.54 -0.9009 0.5995
26.56 -0.8916 0.6241
26.57 -0.8820 0.6481
26.59 -0.8720 0.6714
26.60 -0.8618 0.6942
26.62 -0.8512 0.7164
26.63 -0.8404 0.7380
26.65 -0.8292 0.7591
26.66 -0.8178 0.7797
26.68 -0.8061 0.7997
26.69 -0.7940 0.8193
26.71 -0.7816 0.8383
26.72 -0.7690 0.8569
26.74 -0.7560 0.8750
26.75 -0.7427 0.8926
26.77 -0.7290 0.9097
26.78 -0.7151 0.9264
26.80 -0.7008 0.9427
26.81 -0.6861 0.9586
26.83 -0.6711 0.9740
26.84 -0.6557 0.9889
26.86 -0.6400 1.0035
26.87 -0.6238 1.0176
26.89 -0.6073 1.0313
26.91 -0.5903 1.0446
26.92 -0.5729 1.0575
26.94 -0.5551 1.0699
26.96 -0.5368 1.0820
26.97 -0.5181 1.0936
26.99 -0.4988 1.1048
27.01 -0.4791 1.1156
27.03 -0.4588 1.1259
27.05 -0.4380 1.1358
27.07 -0.4166 1.1453
27.08 -0.3947 1.1543
27.10 -0.3721 1.1629
27.12 -0.3490 1.1710
27.14 -0.3251 1.1786
27.16 -0.3007 1.1857
27.19 -0.2755 1.1923
27.21 -0.2497 1.1983
27.23 -0.2232 1.2039
27.25 -0.1960 1.2088
27.27 -0.1681 1.2131
27.30 -0.1396 1.2168
27.32 -0.1104 1.2199
27.35 -0.0807 1.2222
27.37 -0.0504 1.2238
27.40 -0.0196 1.2247
27.42 0.0115 1.2248
27.45 0.0428 1.2241
27.47 0.0743 1.2226
27.50 0.1058 1.2203
27.52 0.1372 1.2171
27.55 0.1682 1.2131
27.58 0.1989 1.2083
27.60 0.2290 1.2027
27.63 0.2586 1.1963
27.65 0.2874 1.1892
27.67 0.3156 1.1814
27.70 0.3429 1.1730
27.72 0.3694 1.1639
27.74 0.3950 1.1542
27.76 0.4199 1.1439
27.78 0.4439 1.1331
27.80 0.4671 1.1218
27.82 0.4896 1.1099
27.84 0.5113 1.0976
27.86 0.5323 1.0849
27.88 0.5526 1.0717
27.90 0.5722 1.0580
27.92 0.5912 1.0439
27.94 0.6096 1.0294
27.95 0.6274 1.0145
27.97 0.6447 0.9992
27.99 0.6614 0.9835
28.00 0.6776 0.9674
28.02 0.6933 0.9509
28.04 0.7086 0.9339
28.05 0.7234 0.9166
28.07 0.7377 0.8989
28.08 0.7516 0.8808
28.10 0.7652 0.8623
28.12 0.7783 0.8434
28.13 0.7910 0.8240
28.15 0.8033 0.8043
28.16 0.8152 0.7842
28.18 0.8268 0.7636
28.19 0.8381 0.7426
28.21 0.8489 0.7211
28.22 0.8594 0.6993
28.24 0.8696 0.6769
28.25 0.8794 0.6541
28.26 0.8889 0.6309
28.28 0.8981 0.6072
28.29 0.9069 0.5829
28.31 0.9153 0.5582
28.32 0.9234 0.5330
28.34 0.9312 0.5073
28.35 0.9386 0.4810
28.37 0.9456 0.4542
28.38 0.9523 0.4269
28.40 0.9586 0.3990
28.41 0.9645 0.3705
28.43 0.9701 0.3415
28.45 0.9752 0.3119
28.46 0.9799 0.2816
28.48 0.9841 0.2509
28.49 0.9879 0.2195
28.51 0.9912 0.1876
28.53 0.9940 0.1551
28.54 0.9964 0.1222
28.56 0.9981 0.0888
28.58 0.9993 0.0549
28.59 1.0000 0.0208
28.61 1.0001 -0.0136
28.63 0.9995 -0.0482
28.65 0.9984 -0.0828
28.66 0.9966 -0.1174
28.68 0.9943 -0.1518
28.70 0.9914 -0.1859
28.72 0.9879 -0.2197
28.73 0.9838 -0.2531
28.75 0.9792 -0.2858
28.77 0.9742 -0.3180
28.78 0.9686 -0.3496
28.80 0.9625 -0.3804
28.82 0.9561 -0.4105
28.83 0.9492 -0.4400
28.85 0.9419 -0.4686
28.86 0.9343 -0.4966
28.88 0.9262 -0.5239
28.89 0.9179 -0.5504
28.91 0.9092 -0.5763
28.93 0.9002 -0.6015
28.94 0.8908 -0.6261
28.96 0.8812 -0.6500
28.97 0.8712 -0.6733
28.99 0.8609 -0.6961
29.00 0.8504 -0.7182
29.02 0.8395 -0.7398
29.03 0.8283 -0.7609
29.05 0.8169 -0.7814
29.06 0.8051 -0.8014
29.08 0.7930 -0.8209
29.09 0.7806 -0.8399
29.11 0.7679 -0.8584
29.12 0.7549 -0.8764
29.14 0.7416 -0.8940
29.15 0.7279 -0.9111
29.17 0.7139 -0.9278
29.18 0.6996 -0.9441
29.20 0.6849 -0.9599
29.21 0.6698 -0.9752
29.23 0.6544 -0.9902
29.24 0.6386 -1.0047
29.26 0.6225 -1.0188
29.28 0.6059 -1.0324
29.29 0.5889 -1.0457
29.31 0.5715 -1.0585
29.33 0.5536 -1.0710
29.34 0.5353 -1.0830
29.36 0.5165 -1.0945
29.38 0.4972 -1.1057
29.39 0.4774 -1.1164
29.41 0.4571 -1.1268
29.43 0.4363 -1.1366
29.45 0.4149 -1.1461
29.47 0.3929 -1.1550
29.49 0.3703 -1.1636
29.51 0.3470 -1.1716
29.53 0.3232 -1.1792
29.55 0.2986 -1.1863
29.57 0.2734 -1.1928
29.59 0.2476 -1.1988
29.61 0.2210 -1.2043
29.64 0.1937 -1.2092
29.66 0.1658 -1.2135
29.68 0.1372 -1.2171
29.71 0.1080 -1.2201
29.73 0.0782 -1.2224
29.76 0.0478 -1.2239
29.78 0.0171 -1.2248
29.81 -0.0141 -1.2248
29.83 -0.0454 -1.2240
29.86 -0.0769 -1.2225
29.88 -0.1084 -1.2201
29.91 -0.1397 -1.2168
29.94 -0.1708 -1.2128
29.96 -0.2014 -1.2079
29.99 -0.2315 -1.2022
30.01 -0.2610 -1.1958
30.04 -0.2898 -1.1886
30.06 -0.3178 -1.1808
30.08 -0.3451 -1.1723
30.10 -0.3715 -1.1631
30.13 -0.3971 -1.1534
30.15 -0.4219 -1.1431
30.17 -0.4458 -1.1322
30.19 -0.4690 -1.1208
30.21 -0.4914 -1.1090
30.23 -0.5130 -1.0966
30.25 -0.5340 -1.0838
30.27 -0.5542 -1.0706
30.29 -0.5738 -1.0569
30.30 -0.5927 -1.0428
30.32 -0.6111 -1.0282
30.34 -0.6289 -1.0133
30.36 -0.6461 -0.9979
30.37 -0.6628 -0.9822
30.39 -0.6789 -0.9660
30.41 -0.6946 -0.9495
30.42 -0.7098 -0.9325
30.44 -0.7246 -0.9152
30.45 -0.7389 -0.8975
30.47 -0.7528 -0.8793
30.48 -0.7663 -0.8608
30.50 -0.7793 -0.8418
30.52 -0.7920 -0.8224
30.53 -0.8043 -0.8027
30.55 -0.8162 -0.7825
30.56 -0.8278 -0.7619
30.58 -0.8390 -0.7408
30.59 -0.8498 -0.7194
30.61 -0.8603 -0.6974
30.62 -0.8704 -0.6751
30.63 -0.8802 -0.6522
30.65 -0.8897 -0.6290
30.66 -0.8988 -0.6052
30.68 -0.9076 -0.5809
30.69 -0.9160 -0.5562
30.71 -0.9241 -0.5309
30.72 -0.9318 -0.5052
30.74 -0.9392 -0.4789
30.75 -0.9462 -0.4520
30.77 -0.9529 -0.4246
30.78 -0.9591 -0.3967
30.80 -0.9650 -0.3682
30.82 -0.9705 -0.3391
30.83 -0.9756 -0.3094
30.85 -0.9802 -0.2791
30.86 -0.9845 -0.2483
30.88 -0.9882 -0.2169
30.89 -0.9915 -0.1849
30.91 -0.9943 -0.1524
30.93 -0.9965 -0.1194
30.94 -0.9983 -0.0860
30.96 -0.9994 -0.0521
30.98 -1.0000 -0.0180
31.00 -1.0000 0.0165
31.01 -0.9995 0.0510
31.03 -0.9983 0.0857
31.05 -0.9965 0.1202
31.07 -0.9941 0.1546
31.08 -0.9911 0.1887
31.10 -0.9876 0.2225
31.12 -0.9835 0.2558
31.13 -0.9789 0.2885
31.15 -0.9737 0.3206
31.17 -0.9681 0.3521
31.18 -0.9620 0.3829
31.20 -0.9555 0.4130
31.22 -0.9486 0.4423
31.23 -0.9413 0.4710
31.25 -0.9336 0.4989
31.26 -0.9256 0.5261
31.28 -0.9172 0.5526
31.30 -0.9085 0.5784
31.31 -0.8994 0.6036
31.33 -0.8900 0.6281
31.34 -0.8804 0.6520
31.36 -0.8704 0.6752
31.37 -0.8601 0.6979
31.39 -0.8495 0.7200
31.40 -0.8386 0.7416
31.42 -0.8274 0.7626
31.43 -0.8159 0.7830
31.45 -0.8041 0.8030
31.46 -0.7920 0.8225
31.48 -0.7796 0.8414
31.49 -0.7669 0.8599
31.51 -0.7538 0.8779
31.52 -0.7405 0.8954
31.54 -0.7268 0.9125
31.55 -0.7128 0.9292
31.57 -0.6984 0.9454
31.58 -0.6837 0.9611
31.60 -0.6686 0.9765
31.61 -0.6532 0.9914
31.63 -0.6373 1.0058
31.64 -0.6211 1.0199
31.66 -0.6045 1.0335
31.68 -0.5875 1.0468
31.69 -0.5700 1.0596
31.71 -0.5521 1.0720
31.73 -0.5338 1.0839
31.74 -0.5149 1.0955
31.76 -0.4956 1.1066
31.78 -0.4758 1.1173
31.80 -0.4554 1.1276
31.82 -0.4345 1.1374
31.84 -0.4131 1.1468
31.85 -0.3910 1.1558
31.87 -0.3684 1.1643
31.89 -0.3451 1.1723
31.91 -0.3212 1.1798
31.94 -0.2966 1.1868
31.96 -0.2713 1.1933
31.98 -0.2454 1.1993
32.00 -0.2188 1.2047
32.02 -0.1915 1.2096
32.05 -0.1635 1.2138
32.07 -0.1348 1.2174
32.09 -0.1056 1.2203
32.12 -0.0757 1.2226
32.14 -0.0453 1.2241
32.17 -0.0145 1.2248
32.19 0.0166 1.2248
32.22 0.0480 1.2240
32.24 0.0795 1.2223
32.27 0.1110 1.2198
32.30 0.1423 1.2165
32.32 0.1733 1.2124
32.35 0.2039 1.2075
32.37 0.2340 1.2017
32.40 0.2634 1.1952
32.42 0.2921 1.1880
32.44 0.3201 1.1801
32.47 0.3473 1.1716
32.49 0.3736 1.1624
32.51 0.3992 1.1526
32.53 0.4239 1.1422
32.55 0.4478 1.1313
32.58 0.4709 1.1199
32.60 0.4932 1.1080
32.61 0.5148 1.0956
32.63 0.5356 1.0828
32.65 0.5558 1.0695
32.67 0.5754 1.0557
32.69 0.5943 1.0416
32.71 0.6126 1.0270
32.72 0.6303 1.0121
32.74 0.6475 0.9967
32.76 0.6641 0.9809
32.77 0.6802 0.9647
32.79 0.6959 0.9481
32.81 0.7111 0.9312
32.82 0.7258 0.9138
32.84 0.7400 0.8960
32.85 0.7539 0.8778
32.87 0.7673 0.8592
32.89 0.7804 0.8403
32.90 0.7930 0.8209
32.92 0.8053 0.8011
32.93 0.8172 0.7808
32.95 0.8287 0.7602
32.96 0.8399 0.7391
32.98 0.8507 0.7176
32.99 0.8611 0.6956
33.00 0.8713 0.6732
33.02 0.8810 0.6504
33.03 0.8905 0.6270
33.05 0.8995 0.6032
33.06 0.9083 0.5789
33.08 0.9167 0.5541
33.09 0.9247 0.5289
33.11 0.9324 0.5030
33.12 0.9398 0.4767
33.14 0.9468 0.4498
33.15 0.9534 0.4224
33.17 0.9596 0.3944
33.18 0.9655 0.3658
33.20 0.9709 0.3367
33.22 0.9760 0.3070
33.23 0.9806 0.2766
33.25 0.9848 0.2458
33.26 0.9885 0.2143
33.28 0.9917 0.1823
33.30 0.9945 0.1498
33.31 0.9967 0.1167
33.33 0.9984 0.0833
33.35 0.9995 0.0494
33.36 1.0001 0.0152
33.38 1.0000 -0.0193
33.40 0.9994 -0.0538
33.42 0.9982 -0.0885
33.43 0.9963 -0.1230
33.45 0.9939 -0.1574
33.47 0.9909 -0.1915
33.49 0.9873 -0.2252
33.50 0.9831 -0.2585
33.52 0.9785 -0.2912
33.54 0.9733 -0.3232
33.55 0.9676 -0.3547
33.57 0.9615 -0.3854
33.59 0.9550 -0.4154
33.60 0.9480 -0.4447
33.62 0.9407 -0.4733
33.63 0.9330 -0.5011
33.65 0.9249 -0.5283
33.66 0.9165 -0.5547
33.68 0.9077 -0.5805
33.70 0.8987 -0.6056
33.71 0.8893 -0.6301
33.73 0.8796 -0.6539
33.74 0.8696 -0.6771
33.76 0.8592 -0.6997
33.77 0.8486 -0.7218
33.79 0.8377 -0.7433
33.80 0.8265 -0.7643
33.82 0.8150 -0.7847
33.83 0.8031 -0.8046
33.85 0.7910 -0.8240
33.86 0.7786 -0.8429
33.88 0.7658 -0.8614
33.89 0.7528 -0.8794
33.91 0.7394 -0.8969
33.92 0.7257 -0.9139
33.94 0.7116 -0.9305
33.95 0.6972 -0.9467
33.97 0.6825 -0.9624
33.98 0.6674 -0.9777
34.00 0.6519 -0.9926
34.01 0.6360 -1.0070
34.03 0.6198 -1.0210
34.05 0.6031 -1.0346
34.06 0.5861 -1.0478
34.08 0.5686 -1.0606
34.10 0.5507 -1.0730
34.11 0.5323 -1.0849
34.13 0.5134 -1.0964
34.15 0.4940 -1.1075
34.17 0.4742 -1.1182
34.18 0.4538 -1.1284
34.20 0.4328 -1.1382
34.22 0.4113 -1.1476
34.24 0.3892 -1.1565
34.26 0.3665 -1.1649
34.28 0.3432 -1.1729
34.30 0.3192 -1.1804
34.32 0.2946 -1.1874
34.34 0.2693 -1.1939
34.36 0.2433 -1.1998
34.39 0.2166 -1.2052
34.41 0.1892 -1.2099
34.43 0.1612 -1.2141
34.46 0.1325 -1.2177
34.48 0.1032 -1.2205
34.50 0.0733 -1.2227
34.53 0.0429 -1.2242
34.55 0.0120 -1.2249
34.58 -0.0192 -1.2248
34.60 -0.0506 -1.2239
34.63 -0.0821 -1.2222
34.66 -0.1135 -1.2196
34.68 -0.1448 -1.2162
34.71 -0.1758 -1.2120
34.73 -0.2064 -1.2070
34.76 -0.2364 -1.2012
34.78 -0.2657 -1.1947
34.81 -0.2944 -1.1874
34.83 -0.3223 -1.1795
34.85 -0.3494 -1.1708
34.88 -0.3757 -1.1616
34.90 -0.4012 -1.1518
34.92 -0.4258 -1.1413
34.94 -0.4497 -1.1304
34.96 -0.4727 -1.1190
34.98 -0.4950 -1.1070
35.00 -0.5165 -1.0946
35.02 -0.5373 -1.0817
35.04 -0.5574 -1.0684
35.06 -0.5769 -1.0546
35.07 -0.5958 -1.0404
35.09 -0.6140 -1.0258
35.11 -0.6317 -1.0108
35.13 -0.6488 -0.9954
35.14 -0.6654 -0.9796
35.16 -0.6815 -0.9634
35.18 -0.6971 -0.9468
35.19 -0.7123 -0.9298
35.21 -0.7269 -0.9124
35.22 -0.7412 -0.8945
35.24 -0.7550 -0.8763
35.25 -0.7684 -0.8577
35.27 -0.7814 -0.8387
35.29 -0.7940 -0.8193
35.30 -0.8063 -0.7994
35.32 -0.8181 -0.7792
35.33 -0.8296 -0.7585
35.35 -0.8408 -0.7374
35.36 -0.8516 -0.7158
35.37 -0.8620 -0.6938
35.39 -0.8721 -0.6714
35.40 -0.8818 -0.6485
35.42 -0.8912 -0.6251
35.43 -0.9003 -0.6013
35.45 -0.9090 -0.5770
35.46 -0.9174 -0.5521
35.48 -0.9254 -0.5268
35.49 -0.9331 -0.5009
35.51 -0.9404 -0.4745
35.52 -0.9473 -0.4476
35.54 -0.9539 -0.4201
35.55 -0.9601 -0.3921
35.57 -0.9660 -0.3635
35.58 -0.9714 -0.3343
35.60 -0.9764 -0.3045
35.62 -0.9810 -0.2742
35.63 -0.9851 -0.2432
35.65 -0.9888 -0.2117
35.66 -0.9920 -0.1797
35.68 -0.9947 -0.1471
35.70 -0.9969 -0.1140
35.71 -0.9985 -0.0805
35.73 -0.9996 -0.0466
35.75 -1.0001 -0.0124
35.77 -1.0000 0.0221
35.78 -0.9993 0.0566
35.80 -0.9980 0.0913
35.82 -0.9962 0.1258
35.84 -0.9937 0.1602
35.85 -0.9906 0.1943
35.87 -0.9870 0.2279
35.89 -0.9828 0.2611
35.90 -0.9781 0.2938
35.92 -0.9729 0.3258
35.94 -0.9672 0.3572
35.95 -0.9610 0.3878
35.97 -0.9545 0.4178
35.99 -0.9475 0.4470
36.00 -0.9401 0.4756
36.02 -0.9324 0.5034
36.03 -0.9243 0.5304
36.05 -0.9158 0.5568
36.07 -0.9070 0.5826
36.08 -0.8979 0.6076
36.10 -0.8885 0.6320
36.11 -0.8788 0.6558
36.13 -0.8687 0.6790
36.14 -0.8584 0.7016
36.16 -0.8478 0.7236
36.17 -0.8368 0.7450
36.19 -0.8256 0.7659
36.20 -0.8140 0.7863
36.22 -0.8022 0.8062
36.23 -0.7900 0.8256
36.24 -0.7776 0.8445
36.26 -0.7648 0.8629
36.27 -0.7517 0.8808
36.29 -0.7383 0.8983
36.31 -0.7245 0.9153
36.32 -0.7105 0.9319
36.34 -0.6960 0.9480
36.35 -0.6813 0.9637
36.37 -0.6661 0.9789
36.38 -0.6506 0.9938
36.40 -0.6347 1.0082
36.41 -0.6185 1.0222
36.43 -0.6018 1.0357
36.45 -0.5847 1.0489
36.46 -0.5672 1.0616
36.48 -0.5492 1.0740
36.50 -0.5308 1.0859
36.51 -0.5119 1.0973
36.53 -0.4925 1.1084
36.55 -0.4726 1.1190
36.57 -0.4521 1.1292
36.59 -0.4311 1.1390
36.61 -0.4096 1.1483
36.62 -0.3874 1.1572
36.64 -0.3647 1.1656
36.66 -0.3413 1.1735
36.68 -0.3173 1.1810
36.71 -0.2926 1.1879
36.73 -0.2672 1.1944
36.75 -0.2412 1.2003
36.77 -0.2144 1.2056
36.79 -0.1870 1.2103
36.82 -0.1589 1.2144
36.84 -0.1302 1.2179
36.86 -0.1008 1.2208
36.89 -0.0708 1.2229
36.91 -0.0404 1.2243
36.94 -0.0095 1.2249
36.96 0.0217 1.2247
36.99 0.0531 1.2238
37.02 0.0846 1.2220
37.04 0.1160 1.2194
37.07 0.1473 1.2159
37.09 0.1783 1.2117
37.12 0.2088 1.2066
37.14 0.2388 1.2008
37.17 0.2681 1.1942
37.19 0.2967 1.1868
37.22 0.3246 1.1788
37.24 0.3516 1.1701
37.26 0.3778 1.1608
37.28 0.4032 1.1509
37.30 0.4278 1.1405
37.33 0.4515 1.1295
37.35 0.4745 1.1180
37.37 0.4967 1.1060
37.39 0.5182 1.0936
37.40 0.5390 1.0807
37.42 0.5590 1.0673
37.44 0.5785 1.0535
37.46 0.5973 1.0393
37.48 0.6155 1.0247
37.49 0.6331 1.0096
37.51 0.6502 0.9942
37.53 0.6668 0.9783
37.54 0.6828 0.9621
37.56 0.6984 0.9454
37.58 0.7135 0.9284
37.59 0.7281 0.9110
37.61 0.7423 0.8931
37.62 0.7561 0.8749
37.64 0.7695 0.8562
37.65 0.7825 0.8372
37.67 0.7950 0.8177
37.69 0.8072 0.7978
37.70 0.8191 0.7775
37.72 0.8306 0.7568
37.73 0.8417 0.7357
37.74 0.8524 0.7141
37.76 0.8628 0.6921
37.77 0.8729 0.6696
37.79 0.8826 0.6467
37.80 0.8920 0.6232
37.82 0.9010 0.5994
37.83 0.9097 0.5750
37.85 0.9180 0.5501
37.86 0.9260 0.5247
37.88 0.9337 0.4988
37.89 0.9410 0.4724
37.91 0.9479 0.4454
37.92 0.9544 0.4179
37.94 0.9606 0.3898
37.95 0.9664 0.3612
37.97 0.9718 0.3319
37.99 0.9768 0.3021
38.00 0.9813 0.2717
38.02 0.9854 0.2407
38.03 0.9891 0.2092
38.05 0.9922 0.1771
38.07 0.9949 0.1445
38.08 0.9970 0.1114
38.10 0.9986 0.0778
38.12 0.9997 0.0439
38.13 1.0001 0.0096
38.15 1.0000 -0.0248
38.17 0.9993 -0.0594
38.19 0.9979 -0.0940
38.20 0.9960 -0.1286
38.22 0.9935 -0.1629
38.24 0.9903 -0.1970
38.26 0.9867 -0.2306
38.27 0.9824 -0.2638
38.29 0.9777 -0.2964
38.31 0.9724 -0.3283
38.32 0.9667 -0.3597
38.34 0.9605 -0.3903
38.36 0.9539 -0.4202
38.37 0.9469 -0.4494
38.39 0.9395 -0.4778
38.40 0.9317 -0.5056
38.42 0.9236 -0.5326
38.43 0.9151 -0.5589
38.45 0.9063 -0.5846
38.47 0.8972 -0.6096
38.48 0.8877 -0.6339
38.50 0.8780 -0.6577
38.51 0.8679 -0.6808
38.53 0.8576 -0.7033
38.54 0.8469 -0.7253
38.56 0.8359 -0.7467
38.57 0.8247 -0.7676
38.59 0.8131 -0.7880
38.60 0.8012 -0.8078
38.61 0.7890 -0.8271
38.63 0.7766 -0.8460
38.64 0.7638 -0.8643
38.66 0.7506 -0.8822
38.67 0.7372 -0.8997
38.69 0.7234 -0.9166
38.71 0.7093 -0.9332
38.72 0.6949 -0.9493
38.74 0.6801 -0.9649
38.75 0.6649 -0.9801
38.77 0.6494 -0.9949
38.78 0.6335 -1.0093
38.80 0.6172 -1.0233
38.82 0.6004 -1.0368
38.83 0.5833 -1.0499
38.85 0.5658 -1.0626
38.87 0.5478 -1.0749
38.88 0.5293 -1.0868
38.90 0.5103 -1.0982
38.92 0.4909 -1.1093
38.94 0.4709 -1.1199
38.95 0.4505 -1.1300
38.97 0.4294 -1.1398
38.99 0.4078 -1.1491
39.01 0.3856 -1.1579
39.03 0.3628 -1.1663
39.05 0.3394 -1.1742
39.07 0.3153 -1.1816
39.09 0.2906 -1.1885
39.11 0.2652 -1.1949
39.13 0.2391 -1.2007
39.16 0.2123 -1.2060
39.18 0.1848 -1.2107
39.20 0.1566 -1.2148
39.23 0.1278 -1.2182
39.25 0.0984 -1.2210
39.27 0.0684 -1.2230
39.30 0.0379 -1.2244
39.32 0.0070 -1.2249
39.35 -0.0242 -1.2247
39.38 -0.0556 -1.2237
39.40 -0.0871 -1.2218
39.43 -0.1186 -1.2192
39.45 -0.1498 -1.2156
39.48 -0.1807 -1.2113
39.50 -0.2112 -1.2062
39.53 -0.2411 -1.2003
39.55 -0.2704 -1.1936
39.58 -0.2990 -1.1862
39.60 -0.3267 -1.1782
39.62 -0.3537 -1.1694
39.65 -0.3799 -1.1601
39.67 -0.4052 -1.1501
39.69 -0.4297 -1.1397
39.71 -0.4534 -1.1286
39.73 -0.4763 -1.1171
39.75 -0.4985 -1.1051
39.77 -0.5199 -1.0926
39.79 -0.5406 -1.0796
39.81 -0.5606 -1.0662
39.83 -0.5800 -1.0524
39.84 -0.5987 -1.0382
39.86 -0.6169 -1.0235
39.88 -0.6345 -1.0084
39.90 -0.6515 -0.9929
39.91 -0.6681 -0.9771
39.93 -0.6841 -0.9608
39.95 -0.6996 -0.9441
39.96 -0.7147 -0.9270
39.98 -0.7293 -0.9096
39.99 -0.7434 -0.8917
40.01 -0.7572 -0.8734
40.02 -0.7705 -0.8547
40.04 -0.7835 -0.8356
40.05 -0.7960 -0.8162
40.07 -0.8082 -0.7962
40.09 -0.8200 -0.7759
40.10 -0.8315 -0.7552
40.11 -0.8425 -0.7340
40.13 -0.8533 -0.7124
40.14 -0.8636 -0.6903
40.16 -0.8737 -0.6678
40.17 -0.8834 -0.6448
40.19 -0.8927 -0.6214
40.20 -0.9017 -0.5974
40.22 -0.9104 -0.5730
40.23 -0.9187 -0.5481
40.25 -0.9266 -0.5227
40.26 -0.9343 -0.4968
40.28 -0.9415 -0.4703
40.29 -0.9484 -0.4433
40.31 -0.9550 -0.4157
40.32 -0.9611 -0.3876
40.34 -0.9669 -0.3589
40.35 -0.9722 -0.3296
40.37 -0.9772 -0.2997
40.39 -0.9817 -0.2693
40.40 -0.9857 -0.2383
40.42 -0.9894 -0.2067
40.43 -0.9925 -0.1745
40.45 -0.9951 -0.1419
40.47 -0.9972 -0.1087
40.48 -0.9987 -0.0751
40.50 -0.9997 -0.0412
40.52 -1.0001 -0.0069
40.54 -1.0000 0.0276
40.55 -0.9992 0.0622
40.57 -0.9978 0.0968
40.59 -0.9958 0.1313
40.61 -0.9932 0.1656
40.62 -0.9901 0.1997
40.64 -0.9864 0.2333
40.66 -0.9821 0.2664
40.67 -0.9773 0.2989
40.69 -0.9720 0.3309
40.71 -0.9662 0.3621
40.72 -0.9600 0.3927
40.74 -0.9534 0.4225
40.76 -0.9463 0.4517
40.77 -0.9389 0.4801
40.79 -0.9311 0.5077
40.80 -0.9229 0.5347
40.82 -0.9145 0.5610
40.83 -0.9056 0.5866
40.85 -0.8965 0.6116
40.87 -0.8870 0.6359
40.88 -0.8772 0.6595
40.90 -0.8671 0.6826
40.91 -0.8567 0.7051
40.93 -0.8460 0.7270
40.94 -0.8351 0.7484
40.95 -0.8238 0.7692
40.97 -0.8122 0.7896
40.98 -0.8003 0.8093
41.00 -0.7881 0.8286
41.01 -0.7756 0.8474
41.03 -0.7627 0.8658
41.04 -0.7496 0.8836
41.06 -0.7361 0.9010
41.07 -0.7223 0.9180
41.09 -0.7082 0.9345
41.11 -0.6937 0.9505
41.12 -0.6789 0.9662
41.14 -0.6637 0.9813
41.15 -0.6481 0.9961
41.17 -0.6322 1.0105
41.18 -0.6159 1.0244
41.20 -0.5991 1.0379
41.22 -0.5819 1.0510
41.23 -0.5644 1.0636
41.25 -0.5463 1.0759
41.27 -0.5278 1.0877
41.28 -0.5088 1.0992
41.30 -0.4893 1.1101
41.32 -0.4693 1.1207
41.34 -0.4488 1.1308
41.36 -0.4277 1.1405
41.38 -0.4061 1.1498
41.40 -0.3838 1.1586
41.41 -0.3610 1.1669
41.43 -0.3375 1.1748
41.46 -0.3134 1.1822
41.48 -0.2886 1.1890
41.50 -0.2631 1.1954
41.52 -0.2370 1.2012
41.54 -0.2101 1.2064
41.56 -0.1826 1.2110
41.59 -0.1544 1.2151
41.61 -0.1255 1.2185
41.64 -0.0961 1.2212
41.66 -0.0660 1.2232
41.69 -0.0355 1.2244
41.71 -0.0046 1.2249
41.74 0.0267 1.2247
41.76 0.0581 1.2236
41.79 0.0896 1.2217
41.81 0.1210 1.2189
41.84 0.1523 1.2153
41.86 0.1832 1.2110
41.89 0.2136 1.2058
41.91 0.2435 1.1998
41.94 0.2727 1.1931
41.96 0.3012 1.1856
41.99 0.3289 1.1775
42.01 0.3558 1.1687
42.03 0.3819 1.1593
42.05 0.4072 1.1494
42.07 0.4316 1.1388
42.10 0.4553 1.1277
42.12 0.4781 1.1162
42.14 0.5002 1.1041
42.16 0.5216 1.0916
42.17 0.5422 1.0786
42.19 0.5622 1.0652
42.21 0.5815 1.0513
42.23 0.6002 1.0370
42.25 0.6183 1.0223
42.26 0.6359 1.0072
42.28 0.6529 0.9917
42.30 0.6693 0.9758
42.31 0.6853 0.9595
42.33 0.7008 0.9428
42.35 0.7158 0.9257
42.36 0.7304 0.9082
42.38 0.7446 0.8903
42.39 0.7583 0.8720
42.41 0.7716 0.8532
42.42 0.7845 0.8341
42.44 0.7970 0.8146
42.45 0.8092 0.7947
42.47 0.8209 0.7743
42.48 0.8324 0.7535
42.50 0.8434 0.7323
42.51 0.8541 0.7107
42.53 0.8645 0.6886
42.54 0.8745 0.6660
42.56 0.8841 0.6430
42.57 0.8934 0.6195
42.59 0.9024 0.5955
42.60 0.9110 0.5711
42.62 0.9193 0.5461
42.63 0.9273 0.5207
42.65 0.9349 0.4947
42.66 0.9421 0.4682
42.68 0.9490 0.4411
42.69 0.9555 0.4135
42.71 0.9616 0.3853
42.72 0.9673 0.3566
42.74 0.9726 0.3273
42.76 0.9775 0.2973
42.77 0.9820 0.2669
42.79 0.9861 0.2358
42.80 0.9896 0.2042
42.82 0.9927 0.1720
42.84 0.9953 0.1393
42.85 0.9973 0.1061
42.87 0.9988 0.0725
42.89 0.9998 0.0385
42.90 1.0001 0.0042
42.92 0.9999 -0.0303
42.94 0.9991 -0.0649
42.96 0.9977 -0.0995
42.97 0.9956 -0.1340
42.99 0.9930 -0.1683
43.01 0.9898 -0.2023
43.03 0.9860 -0.2359
43.04 0.9817 -0.2690
43.06 0.9769 -0.3015
43.08 0.9716 -0.3334
43.09 0.9658 -0.3646
43.11 0.9595 -0.3951
43.13 0.9529 -0.4249
43.14 0.9458 -0.4539
43.16 0.9383 -0.4823
43.17 0.9305 -0.5099
43.19 0.9223 -0.5368
43.20 0.9138 -0.5630
43.22 0.9049 -0.5886
43.23 0.8957 -0.6135
43.25 0.8862 -0.6378
43.26 0.8764 -0.6614
43.28 0.8663 -0.6844
43.29 0.8559 -0.7069
43.31 0.8452 -0.7288
43.32 0.8342 -0.7501
43.34 0.8229 -0.7709
43.35 0.8113 -0.7911
43.37 0.7993 -0.8109
43.38 0.7871 -0.8301
43.40 0.7746 -0.8489
43.41 0.7617 -0.8672
43.43 0.7486 -0.8850
43.44 0.7351 -0.9024
43.46 0.7212 -0.9193
43.47 0.7071 -0.9358
43.49 0.6926 -0.9518
43.51 0.6777 -0.9674
43.52 0.6625 -0.9825
43.54 0.6469 -0.9973
43.55 0.6309 -1.0116
43.57 0.6146 -1.0255
43.59 0.5978 -1.0389
43.60 0.5806 -1.0520
43.62 0.5630 -1.0646
43.64 0.5449 -1.0769
43.65 0.5263 -1.0887
43.67 0.5073 -1.1000
43.69 0.4878 -1.1110
43.71 0.4678 -1.1215
43.72 0.4472 -1.1316
43.74 0.4261 -1.1413
43.76 0.4044 -1.1505
43.78 0.3821 -1.1593
43.80 0.3592 -1.1676
43.82 0.3356 -1.1754
43.84 0.3115 -1.1827
43.86 0.2866 -1.1896
43.88 0.2611 -1.1959
43.90 0.2349 -1.2016
43.93 0.2080 -1.2068
43.95 0.1804 -1.2114
43.97 0.1521 -1.2154
44.00 0.1232 -1.2187
44.02 0.0937 -1.2214
44.05 0.0637 -1.2233
44.07 0.0331 -1.2245
44.10 0.0021 -1.2250
44.12 -0.0291 -1.2246
44.15 -0.0606 -1.2235
44.17 -0.0921 -1.2215
44.20 -0.1235 -1.2187
44.22 -0.1547 -1.2150
44.25 -0.1856 -1.2106
44.28 -0.2160 -1.2053
44.30 -0.2458 -1.1993
44.32 -0.2750 -1.1925
44.35 -0.3034 -1.1850
44.37 -0.3311 -1.1768
44.39 -0.3579 -1.1680
44.42 -0.3839 -1.1586
44.44 -0.4091 -1.1486
44.46 -0.4335 -1.1380
44.48 -0.4571 -1.1269
44.50 -0.4799 -1.1153
44.52 -0.5019 -1.1032
44.54 -0.5232 -1.0906
44.56 -0.5438 -1.0776
44.58 -0.5637 -1.0641
44.60 -0.5830 -1.0502
44.61 -0.6017 -1.0359
44.63 -0.6197 -1.0212
44.65 -0.6372 -1.0060
44.67 -0.6542 -0.9905
44.68 -0.6706 -0.9745
44.70 -0.6866 -0.9582
44.72 -0.7020 -0.9415
44.73 -0.7170 -0.9243
44.75 -0.7315 -0.9068
44.76 -0.7457 -0.8889
44.78 -0.7593 -0.8705
44.79 -0.7726 -0.8518
44.81 -0.7855 -0.8326
44.82 -0.7980 -0.8131
44.84 -0.8101 -0.7931
44.85 -0.8219 -0.7727
44.87 -0.8332 -0.7519
44.88 -0.8443 -0.7306
44.90 -0.8549 -0.7089
44.91 -0.8653 -0.6868
44.93 -0.8752 -0.6642
44.94 -0.8849 -0.6412
44.96 -0.8942 -0.6177
44.97 -0.9031 -0.5937
44.99 -0.9117 -0.5692
45.00 -0.9200 -0.5442
45.02 -0.9279 -0.5187
45.03 -0.9354 -0.4926
45.05 -0.9427 -0.4661
45.06 -0.9495 -0.4390
45.08 -0.9560 -0.4113
45.09 -0.9621 -0.3831
45.11 -0.9677 -0.3543
45.12 -0.9730 -0.3249
45.14 -0.9779 -0.2950
45.16 -0.9824 -0.2645
45.17 -0.9864 -0.2333
45.19 -0.9899 -0.2017
45.20 -0.9929 -0.1694
45.22 -0.9955 -0.1367
45.24 -0.9975 -0.1035
45.25 -0.9989 -0.0698
45.27 -0.9998 -0.0358
45.29 -1.0002 -0.0015
45.31 -0.9999 0.0330
45.32 -0.9990 0.0676
45.34 -0.9975 0.1022
45.36 -0.9955 0.1367
45.38 -0.9928 0.1710
45.39 -0.9895 0.2050
45.41 -0.9857 0.2385
45.43 -0.9814 0.2715
45.44 -0.9765 0.3040
45.46 -0.9711 0.3358
45.48 -0.9653 0.3670
45.49 -0.9590 0.3974
45.51 -0.9523 0.4272
45.53 -0.9452 0.4562
45.54 -0.9377 0.4845
45.56 -0.9299 0.5120
45.57 -0.9217 0.5389
45.59 -0.9131 0.5651
45.60 -0.9042 0.5906
45.62 -0.8950 0.6154
45.63 -0.8855 0.6396
45.65 -0.8757 0.6632
45.66 -0.8655 0.6862
45.68 -0.8551 0.7086
45.69 -0.8444 0.7304
45.71 -0.8333 0.7517
45.72 -0.8220 0.7725
45.74 -0.8103 0.7927
45.75 -0.7984 0.8124
45.77 -0.7861 0.8316
45.78 -0.7736 0.8504
45.80 -0.7607 0.8686
45.81 -0.7475 0.8864
45.83 -0.7340 0.9037
45.84 -0.7202 0.9206
45.86 -0.7060 0.9370
45.87 -0.6914 0.9530
45.89 -0.6766 0.9686
45.91 -0.6613 0.9837
45.92 -0.6457 0.9984
45.94 -0.6297 1.0127
45.95 -0.6133 1.0265
45.97 -0.5965 1.0400
45.99 -0.5792 1.0530
46.00 -0.5616 1.0656
46.02 -0.5435 1.0778
46.04 -0.5249 1.0896
46.05 -0.5058 1.1009
46.07 -0.4863 1.1119
46.09 -0.4662 1.1224
46.11 -0.4456 1.1324
46.13 -0.4244 1.1420
46.15 -0.4027 1.1512
46.17 -0.3803 1.1600
46.19 -0.3574 1.1682
46.21 -0.3338 1.1760
46.23 -0.3095 1.1833
46.25 -0.2847 1.1901
46.27 -0.2591 1.1963
46.29 -0.2328 1.2020
46.31 -0.2059 1.2072
46.34 -0.1782 1.2117
46.36 -0.1499 1.2157
46.38 -0.1210 1.2190
46.41 -0.0914 1.2216
46.43 -0.0613 1.2234
46.46 -0.0307 1.2246
46.48 0.0003 1.2250
46.51 0.0316 1.2246
46.53 0.0630 1.2234
46.56 0.0945 1.2213
46.58 0.1259 1.2184
46.61 0.1571 1.2147
46.64 0.1880 1.2102
46.66 0.2183 1.2049
46.69 0.2481 1.1988
46.71 0.2772 1.1920
46.73 0.3056 1.1844
46.76 0.3332 1.1762
46.78 0.3600 1.1673
46.80 0.3859 1.1578
46.82 0.4111 1.1478
46.85 0.4354 1.1371
46.87 0.4589 1.1260
46.89 0.4816 1.1143
46.91 0.5036 1.1022
46.93 0.5248 1.0896
46.94 0.5454 1.0765
46.96 0.5652 1.0631
46.98 0.5845 1.0491
47.00 0.6031 1.0348
47.02 0.6211 1.0200
47.03 0.6386 1.0049
47.05 0.6555 0.9893
47.07 0.6719 0.9733
47.08 0.6878 0.9569
47.10 0.7032 0.9402
47.12 0.7182 0.9230
47.13 0.7327 0.9054
47.15 0.7467 0.8875
47.16 0.7604 0.8691
47.18 0.7736 0.8503
47.19 0.7865 0.8311
47.21 0.7990 0.8115
47.22 0.8110 0.7915
47.24 0.8228 0.7711
47.25 0.8341 0.7503
47.27 0.8451 0.7290
47.28 0.8558 0.7073
47.30 0.8660 0.6851
47.31 0.8760 0.6625
47.33 0.8856 0.6394
47.34 0.8949 0.6158
47.36 0.9038 0.5918
47.37 0.9124 0.5673
47.39 0.9206 0.5422
47.40 0.9285 0.5167
47.42 0.9360 0.4906
47.43 0.9432 0.4640
47.45 0.9500 0.4369
47.46 0.9565 0.4092
47.48 0.9625 0.3809
47.49 0.9682 0.3521
47.51 0.9734 0.3226
47.52 0.9783 0.2926
47.54 0.9827 0.2621
47.56 0.9867 0.2309
47.57 0.9902 0.1992
47.59 0.9932 0.1669
47.61 0.9956 0.1341
47.62 0.9976 0.1009
47.64 0.9990 0.0672
47.66 0.9999 0.0332
47.67 1.0002 -0.0012
47.69 0.9998 -0.0357
47.71 0.9989 -0.0703
47.73 0.9974 -0.1049
47.74 0.9953 -0.1394
47.76 0.9926 -0.1737
47.78 0.9893 -0.2076
47.79 0.9854 -0.2411
47.81 0.9810 -0.2741
47.83 0.9761 -0.3065
47.85 0.9707 -0.3383
47.86 0.9648 -0.3694
47.88 0.9585 -0.3998
47.89 0.9518 -0.4294
47.91 0.9447 -0.4584
47.93 0.9371 -0.4866
47.94 0.9293 -0.5141
47.96 0.9210 -0.5410
47.97 0.9124 -0.5671
47.99 0.9035 -0.5925
48.00 0.8943 -0.6173
48.02 0.8848 -0.6415
48.03 0.8749 -0.6650
48.05 0.8647 -0.6880
48.06 0.8543 -0.7103
48.08 0.8435 -0.7321
48.09 0.8325 -0.7534
48.11 0.8211 -0.7741
48.12 0.8094 -0.7943
48.14 0.7975 -0.8139
48.15 0.7852 -0.8331
48.17 0.7726 -0.8518
48.18 0.7597 -0.8700
48.20 0.7465 -0.8878
48.21 0.7330 -0.9051
48.23 0.7191 -0.9219
48.24 0.7049 -0.9383
48.26 0.6903 -0.9543
48.28 0.6754 -0.9698
48.29 0.6601 -0.9849
48.31 0.6445 -0.9995
48.32 0.6284 -1.0138
48.34 0.6120 -1.0276
48.35 0.5952 -1.0410
48.37 0.5779 -1.0540
48.39 0.5602 -1.0666
48.41 0.5420 -1.0787
48.42 0.5234 -1.0905
48.44 0.5043 -1.1018
48.46 0.4847 -1.1127
48.48 0.4646 -1.1232
48.49 0.4440 -1.1332
48.51 0.4227 -1.1428
48.53 0.4010 -1.1519
48.55 0.3786 -1.1606
48.57 0.3556 -1.1688
48.59 0.3319 -1.1766
48.61 0.3077 -1.1838
48.63 0.2827 -1.1906
48.65 0.2571 -1.1968
48.68 0.2308 -1.2025
48.70 0.2037 -1.2076
48.72 0.1761 -1.2121
48.74 0.1477 -1.2160
48.77 0.1187 -1.2192
48.79 0.0891 -1.2217
48.82 0.0589 -1.2236
48.84 0.0283 -1.2247
48.87 -0.0027 -1.2250
48.89 -0.0340 -1.2245
48.92 -0.0655 -1.2232
48.94 -0.0970 -1.2211
48.97 -0.1284 -1.2182
49.00 -0.1595 -1.2144
49.02 -0.1903 -1.2099
49.05 -0.2206 -1.2045
49.07 -0.2504 -1.1983
49.10 -0.2794 -1.1914
49.12 -0.3077 -1.1838
49.14 -0.3353 -1.1755
49.17 -0.3620 -1.1666
49.19 -0.3879 -1.1571
49.21 -0.4130 -1.1470
49.23 -0.4372 -1.1363
49.25 -0.4607 -1.1251
49.27 -0.4833 -1.1134
49.29 -0.5053 -1.1013
49.31 -0.5264 -1.0886
49.33 -0.5469 -1.0755
49.35 -0.5668 -1.0620
49.37 -0.5859 -1.0480
49.38 -0.6045 -1.0337
49.40 -0.6225 -1.0189
49.42 -0.6399 -1.0037
49.44 -0.6568 -0.9881
49.45 -0.6731 -0.9721
49.47 -0.6890 -0.9557
49.49 -0.7044 -0.9389
49.50 -0.7193 -0.9217
49.52 -0.7338 -0.9041
49.53 -0.7478 -0.8861
49.55 -0.7614 -0.8677
49.56 -0.7746 -0.8489
49.58 -0.7875 -0.8296
49.59 -0.7999 -0.8100
49.61 -0.8120 -0.7900
49.62 -0.8237 -0.7695
49.64 -0.8350 -0.7486
49.65 -0.8459 -0.7273
49.67 -0.8566 -0.7056
49.68 -0.8668 -0.6834
49.70 -0.8768 -0.6607
49.71 -0.8863 -0.6376
49.73 -0.8956 -0.6140
49.74 -0.9045 -0.5899
49.76 -0.9130 -0.5654
49.77 -0.9212 -0.5403
49.79 -0.9291 -0.5147
49.80 -0.9366 -0.4886
49.82 -0.9437 -0.4619
49.83 -0.9505 -0.4348
49.85 -0.9569 -0.4070
49.86 -0.9630 -0.3787
49.88 -0.9686 -0.3498
49.89 -0.9738 -0.3204
49.91 -0.9787 -0.2903
49.93 -0.9830 -0.2597
49.94 -0.9870 -0.2285
49.96 -0.9904 -0.1967
49.97 -0.9934 -0.1644
49.99 -0.9958 -0.1316
50.00 -0.9970 -0.1133
