0.00 1.0000 0.0000
0.13 0.9844 -0.2500
0.20 0.9593 -0.3963
0.27 0.9303 -0.5108
0.33 0.8954 -0.6145
0.40 0.8494 -0.7204
0.47 0.7900 -0.8257
0.56 0.7140 -0.9278
0.66 0.6203 -1.0207
0.75 0.5158 -1.0951
0.85 0.4090 -1.1486
0.94 0.3019 -1.1854
1.03 0.1919 -1.2095
1.13 0.0748 -1.2226
1.24 -0.0548 -1.2236
1.36 -0.2014 -1.2078
1.46 -0.3278 -1.1776
1.56 -0.4399 -1.1347
1.65 -0.5438 -1.0773
1.74 -0.6381 -1.0049
1.83 -0.7236 -0.9161
1.92 -0.8017 -0.8066
2.02 -0.8721 -0.6707
2.11 -0.9258 -0.5247
2.18 -0.9595 -0.3938
2.25 -0.9829 -0.2586
2.32 -0.9954 -0.1330
2.38 -0.9998 -0.0091
2.44 -0.9967 0.1123
2.50 -0.9864 0.2304
2.56 -0.9691 0.3455
2.62 -0.9444 0.4581
2.68 -0.9116 0.5685
2.75 -0.8692 0.6769
2.83 -0.8153 0.7834
2.91 -0.7464 0.8871
3.00 -0.6595 0.9847
3.10 -0.5582 1.0673
3.20 -0.4517 1.1289
3.29 -0.3449 1.1718
3.38 -0.2365 1.2006
3.47 -0.1229 1.2181
3.58 0.0010 1.2243
3.69 0.1407 1.2160
3.81 0.2825 1.1898
3.90 0.3964 1.1528
4.00 0.5033 1.1014
4.09 0.6013 1.0351
4.18 0.6902 0.9532
4.27 0.7711 0.8526
4.36 0.8449 0.7278
4.46 0.9087 0.5760
4.54 0.9481 0.4421
4.61 0.9747 0.3113
4.68 0.9915 0.1786
4.74 0.9989 0.0492
4.80 0.9981 -0.0750
4.86 0.9899 -0.1944
4.92 0.9748 -0.3103
4.99 0.9524 -0.4235
5.05 0.9222 -0.5345
5.12 0.8830 -0.6435
5.19 0.8330 -0.7506
5.27 0.7690 -0.8553
5.36 0.6878 -0.9554
5.45 0.5900 -1.0436
5.55 0.4842 -1.1117
5.65 0.3775 -1.1598
5.74 0.2699 -1.1925
5.83 0.1584 -1.2133
5.93 0.0383 -1.2231
6.04 -0.0961 -1.2199
6.16 -0.2462 -1.1978
6.26 -0.3651 -1.1640
6.36 -0.4766 -1.1154
6.45 -0.5781 -1.0521
6.54 -0.6693 -0.9740
6.63 -0.7520 -0.8784
6.72 -0.8275 -0.7601
6.82 -0.8942 -0.6144
6.90 -0.9384 -0.4780
6.98 -0.9685 -0.3447
7.04 -0.9872 -0.2172
7.11 -0.9971 -0.0896
7.17 -0.9988 0.0351
7.23 -0.9930 0.1557
7.29 -0.9802 0.2727
7.35 -0.9602 0.3867
7.41 -0.9326 0.4983
7.48 -0.8965 0.6080
7.55 -0.8503 0.7156
7.62 -0.7913 0.8212
7.71 -0.7160 0.9232
7.81 -0.6229 1.0164
7.90 -0.5187 1.0914
8.00 -0.4119 1.1455
8.09 -0.3049 1.1828
8.18 -0.1951 1.2072
8.28 -0.0783 1.2206
8.39 0.0507 1.2221
8.51 0.1968 1.2068
8.62 0.3304 1.1750
8.72 0.4430 1.1314
8.81 0.5462 1.0737
8.90 0.6399 1.0011
8.99 0.7251 0.9119
9.08 0.8030 0.8018
9.17 0.8731 0.6652
9.26 0.9261 0.5194
9.34 0.9594 0.3889
9.41 0.9824 0.2542
9.47 0.9946 0.1289
9.53 0.9988 0.0052
9.59 0.9954 -0.1159
9.65 0.9849 -0.2339
9.72 0.9673 -0.3488
9.78 0.9424 -0.4612
9.84 0.9093 -0.5714
9.91 0.8666 -0.6797
9.98 0.8122 -0.7860
10.07 0.7427 -0.8895
10.16 0.6553 -0.9866
10.26 0.5536 -1.0684
10.35 0.4472 -1.1291
10.45 0.3404 -1.1714
10.54 0.2319 -1.1998
10.63 0.1180 -1.2168
10.73 -0.0063 -1.2225
10.85 -0.1467 -1.2135
10.97 -0.2875 -1.1867
11.06 -0.4007 -1.1492
11.16 -0.5069 -1.0974
11.25 -0.6044 -1.0306
11.34 -0.6929 -0.9481
11.43 -0.7735 -0.8467
11.52 -0.8469 -0.7209
11.62 -0.9100 -0.5682
11.70 -0.9486 -0.4350
11.77 -0.9746 -0.3047
11.83 -0.9909 -0.1725
11.90 -0.9980 -0.0436
11.96 -0.9968 0.0802
12.02 -0.9883 0.1994
12.08 -0.9729 0.3151
12.14 -0.9502 0.4280
12.21 -0.9196 0.5388
12.27 -0.8800 0.6477
12.35 -0.8293 0.7545
12.43 -0.7647 0.8590
12.52 -0.6826 0.9586
12.61 -0.5842 1.0459
12.71 -0.4784 1.1128
12.81 -0.3716 1.1601
12.90 -0.2640 1.1922
12.99 -0.1522 1.2124
13.09 -0.0315 1.2216
13.20 0.1037 1.2175
13.32 0.2540 1.1942
13.42 0.3717 1.1598
13.52 0.4817 1.1107
13.61 0.5823 1.0469
13.70 0.6730 0.9681
13.79 0.7553 0.8715
13.89 0.8304 0.7519
13.98 0.8965 0.6050
14.06 0.9395 0.4693
14.14 0.9688 0.3367
14.20 0.9869 0.2096
14.27 0.9964 0.0825
14.33 0.9976 -0.0418
14.39 0.9914 -0.1621
14.45 0.9782 -0.2788
14.51 0.9578 -0.3926
14.57 0.9298 -0.5040
14.64 0.8932 -0.6134
14.71 0.8462 -0.7209
14.79 0.7864 -0.8261
14.87 0.7101 -0.9278
14.97 0.6161 -1.0200
15.07 0.5116 -1.0937
15.16 0.4049 -1.1466
15.25 0.2978 -1.1829
15.35 0.1877 -1.2067
15.44 0.0704 -1.2194
15.55 -0.0596 -1.2199
15.67 -0.2065 -1.2033
15.78 -0.3319 -1.1727
15.87 -0.4432 -1.1294
15.97 -0.5464 -1.0715
16.06 -0.6402 -0.9987
16.15 -0.7254 -0.9092
16.24 -0.8031 -0.7989
16.33 -0.8731 -0.6620
16.42 -0.9258 -0.5164
16.49 -0.9588 -0.3861
16.57 -0.9816 -0.2517
16.63 -0.9937 -0.1266
16.69 -0.9977 -0.0031
16.75 -0.9942 0.1179
16.81 -0.9836 0.2357
16.87 -0.9659 0.3504
16.93 -0.9408 0.4627
17.00 -0.9075 0.5728
17.07 -0.8647 0.6809
17.14 -0.8100 0.7870
17.22 -0.7402 0.8903
17.32 -0.6524 0.9871
17.42 -0.5506 1.0684
17.51 -0.4442 1.1287
17.61 -0.3374 1.1706
17.70 -0.2289 1.1986
17.79 -0.1148 1.2154
17.89 0.0098 1.2207
18.01 0.1506 1.2113
18.13 0.2907 1.1840
18.23 0.4092 1.1439
18.33 0.5172 1.0893
18.42 0.6143 1.0204
18.51 0.7018 0.9360
18.60 0.7815 0.8322
18.69 0.8539 0.7034
18.78 0.9123 0.5577
18.86 0.9498 0.4251
18.93 0.9750 0.2951
19.00 0.9906 0.1634
19.06 0.9971 0.0351
19.12 0.9954 -0.0883
19.18 0.9865 -0.2071
19.24 0.9705 -0.3224
19.31 0.9473 -0.4352
19.37 0.9161 -0.5457
19.44 0.8758 -0.6543
19.51 0.8243 -0.7609
19.59 0.7586 -0.8650
19.68 0.6753 -0.9640
19.78 0.5760 -1.0499
19.88 0.4700 -1.1153
19.97 0.3633 -1.1612
20.06 0.2555 -1.1923
20.16 0.1432 -1.2117
20.26 0.0217 -1.2200
20.37 -0.1147 -1.2147
20.49 -0.2653 -1.1898
20.59 -0.3812 -1.1544
20.69 -0.4894 -1.1046
20.78 -0.5887 -1.0401
20.87 -0.6786 -0.9602
20.96 -0.7603 -0.8621
21.05 -0.8348 -0.7406
21.15 -0.9000 -0.5919
21.23 -0.9415 -0.4571
21.30 -0.9696 -0.3255
21.37 -0.9870 -0.1989
21.43 -0.9957 -0.0724
21.49 -0.9963 0.0514
21.55 -0.9896 0.1713
21.61 -0.9757 0.2876
21.67 -0.9548 0.4011
21.74 -0.9261 0.5122
21.80 -0.8887 0.6214
21.87 -0.8409 0.7286
21.95 -0.7798 0.8335
22.04 -0.7021 0.9346
22.14 -0.6069 1.0255
22.23 -0.5020 1.0973
22.33 -0.3953 1.1486
22.42 -0.2881 1.1837
22.51 -0.1776 1.2065
22.61 -0.0595 1.2182
22.72 0.0719 1.2175
22.84 0.2198 1.1990
22.95 0.3428 1.1673
23.04 0.4524 1.1231
23.13 0.5544 1.0642
23.22 0.6472 0.9901
23.31 0.7317 0.8991
23.40 0.8088 0.7867
23.50 0.8779 0.6475
23.59 0.9287 0.5023
23.67 0.9618 0.3660
23.73 0.9822 0.2378
23.80 0.9936 0.1098
23.86 0.9966 -0.0155
23.92 0.9919 -0.1366
23.98 0.9801 -0.2539
24.04 0.9613 -0.3681
24.11 0.9350 -0.4798
24.17 0.9003 -0.5895
24.24 0.8557 -0.6972
24.32 0.7989 -0.8029
24.40 0.7263 -0.9054
24.49 0.6358 -1.0002
24.59 0.5327 -1.0781
24.69 0.4261 -1.1350
24.78 0.3193 -1.1744
24.87 0.2101 -1.2004
24.97 0.0947 -1.2154
25.07 -0.0322 -1.2186
25.19 -0.1757 -1.2060
25.31 -0.3121 -1.1762
25.41 -0.4272 -1.1342
25.50 -0.5324 -1.0779
25.59 -0.6275 -1.0071
25.68 -0.7136 -0.9201
25.77 -0.7922 -0.8130
25.87 -0.8634 -0.6799
25.96 -0.9186 -0.5343
26.03 -0.9536 -0.4031
26.10 -0.9770 -0.2744
26.17 -0.9910 -0.1442
26.23 -0.9962 -0.0169
26.29 -0.9935 0.1055
26.35 -0.9835 0.2237
26.42 -0.9665 0.3385
26.48 -0.9422 0.4508
26.54 -0.9098 0.5610
26.61 -0.8680 0.6692
26.68 -0.8146 0.7754
26.76 -0.7465 0.8789
26.86 -0.6606 0.9764
26.96 -0.5598 1.0595
27.05 -0.4535 1.1217
27.15 -0.3467 1.1651
27.24 -0.2386 1.1943
27.33 -0.1252 1.2120
27.43 -0.0019 1.2185
27.55 0.1372 1.2106
27.67 0.2790 1.1847
27.76 0.3931 1.1479
27.86 0.5001 1.0967
27.95 0.5983 1.0306
28.04 0.6872 0.9489
28.13 0.7681 0.8486
28.22 0.8417 0.7243
28.32 0.9054 0.5730
28.40 0.9447 0.4396
28.47 0.9713 0.3092
28.54 0.9880 0.1769
28.60 0.9954 0.0479
28.67 0.9945 -0.0759
28.73 0.9862 -0.1949
28.79 0.9710 -0.3105
28.85 0.9485 -0.4233
28.91 0.9182 -0.5339
28.98 0.8789 -0.6425
29.05 0.8286 -0.7492
29.13 0.7644 -0.8535
29.22 0.6830 -0.9531
29.32 0.5850 -1.0406
29.42 0.4793 -1.1079
29.51 0.3726 -1.1554
29.60 0.2651 -1.1877
29.70 0.1534 -1.2081
29.80 0.0330 -1.2174
29.91 -0.1017 -1.2135
30.03 -0.2516 -1.1906
30.13 -0.3694 -1.1563
30.23 -0.4797 -1.1073
30.32 -0.5804 -1.0436
30.41 -0.6710 -0.9649
30.50 -0.7533 -0.8685
30.59 -0.8283 -0.7492
30.69 -0.8943 -0.6025
30.77 -0.9372 -0.4672
30.84 -0.9665 -0.3349
30.91 -0.9845 -0.2081
30.98 -0.9939 -0.0813
31.04 -0.9951 0.0427
31.10 -0.9888 0.1628
31.16 -0.9755 0.2792
31.22 -0.9550 0.3927
31.28 -0.9269 0.5039
31.35 -0.8902 0.6130
31.42 -0.8431 0.7202
31.50 -0.7831 0.8252
31.58 -0.7066 0.9264
31.68 -0.6124 1.0182
31.78 -0.5079 1.0912
31.88 -0.4013 1.1437
31.97 -0.2942 1.1797
32.06 -0.1841 1.2031
32.16 -0.0665 1.2155
32.26 0.0638 1.2156
32.39 0.2107 1.1984
32.49 0.3351 1.1674
32.59 0.4458 1.1238
32.68 0.5484 1.0655
32.77 0.6418 0.9922
32.86 0.7266 0.9022
32.95 0.8040 0.7911
33.05 0.8736 0.6534
33.14 0.9253 0.5082
33.21 0.9591 0.3716
33.28 0.9801 0.2433
33.35 0.9919 0.1151
33.41 0.9952 -0.0103
33.47 0.9908 -0.1315
33.53 0.9793 -0.2487
33.59 0.9608 -0.3629
33.66 0.9348 -0.4746
33.72 0.9004 -0.5842
33.79 0.8563 -0.6919
33.86 0.8000 -0.7975
33.95 0.7281 -0.9000
34.04 0.6383 -0.9951
34.14 0.5355 -1.0737
34.24 0.4290 -1.1312
34.33 0.3222 -1.1711
34.42 0.2133 -1.1975
34.52 0.0981 -1.2128
34.62 -0.0282 -1.2164
34.74 -0.1711 -1.2043
34.86 -0.3080 -1.1750
34.96 -0.4236 -1.1333
35.05 -0.5292 -1.0773
35.14 -0.6246 -1.0068
35.23 -0.7108 -0.9203
35.32 -0.7896 -0.8137
35.42 -0.8608 -0.6814
35.51 -0.9164 -0.5360
35.58 -0.9517 -0.4048
35.65 -0.9752 -0.2761
35.72 -0.9895 -0.1459
35.79 -0.9948 -0.0187
35.85 -0.9921 0.1037
35.91 -0.9823 0.2218
35.97 -0.9654 0.3365
36.03 -0.9411 0.4487
36.09 -0.9089 0.5587
36.16 -0.8672 0.6668
36.24 -0.8139 0.7729
36.32 -0.7460 0.8763
36.41 -0.6603 0.9738
36.51 -0.5596 1.0569
36.61 -0.4534 1.1192
36.70 -0.3467 1.1626
36.79 -0.2386 1.1919
36.89 -0.1253 1.2096
36.99 -0.0020 1.2161
37.10 0.1368 1.2083
37.22 0.2785 1.1824
37.32 0.3926 1.1457
37.41 0.4996 1.0944
37.51 0.5977 1.0283
37.60 0.6865 0.9466
37.69 0.7673 0.8463
37.78 0.8409 0.7220
37.88 0.9044 0.5708
37.96 0.9436 0.4376
38.03 0.9700 0.3075
38.09 0.9867 0.1754
38.16 0.9939 0.0466
38.22 0.9930 -0.0770
38.28 0.9847 -0.1959
38.34 0.9694 -0.3112
38.41 0.9468 -0.4239
38.47 0.9164 -0.5343
38.54 0.8769 -0.6428
38.61 0.8265 -0.7493
38.69 0.7621 -0.8534
38.78 0.6804 -0.9527
38.88 0.5824 -1.0398
38.97 0.4767 -1.1067
39.07 0.3700 -1.1539
39.16 0.2625 -1.1859
39.25 0.1507 -1.2061
39.35 0.0301 -1.2152
39.47 -0.1049 -1.2109
39.59 -0.2547 -1.1875
39.69 -0.3719 -1.1529
39.79 -0.4816 -1.1037
39.88 -0.5818 -1.0398
39.97 -0.6722 -0.9608
40.06 -0.7542 -0.8639
40.15 -0.8290 -0.7440
40.25 -0.8946 -0.5968
40.33 -0.9370 -0.4620
40.40 -0.9658 -0.3302
40.47 -0.9835 -0.2037
40.53 -0.9926 -0.0772
40.60 -0.9936 0.0465
40.66 -0.9871 0.1663
40.72 -0.9735 0.2825
40.78 -0.9528 0.3958
40.84 -0.9244 0.5067
40.91 -0.8874 0.6156
40.98 -0.8399 0.7226
41.06 -0.7794 0.8274
41.14 -0.7022 0.9283
41.24 -0.6076 1.0193
41.34 -0.5030 1.0915
41.44 -0.3963 1.1432
41.53 -0.2893 1.1786
41.62 -0.1789 1.2015
41.72 -0.0610 1.2134
41.83 0.0698 1.2129
41.95 0.2172 1.1948
42.05 0.3404 1.1632
42.15 0.4501 1.1192
42.24 0.5521 1.0603
42.33 0.6450 0.9864
42.42 0.7294 0.8956
42.51 0.8064 0.7834
42.61 0.8754 0.6445
42.70 0.9262 0.4998
42.78 0.9591 0.3638
42.84 0.9795 0.2361
42.91 0.9908 0.1083
42.97 0.9937 -0.0166
43.03 0.9890 -0.1374
43.09 0.9771 -0.2544
43.15 0.9582 -0.3683
43.22 0.9317 -0.4797
43.28 0.8969 -0.5891
43.35 0.8522 -0.6965
43.43 0.7952 -0.8018
43.51 0.7224 -0.9039
43.61 0.6316 -0.9982
43.71 0.5285 -1.0755
43.80 0.4220 -1.1318
43.90 0.3152 -1.1707
43.99 0.2060 -1.1965
44.08 0.0904 -1.2110
44.19 -0.0368 -1.2138
44.31 -0.1806 -1.2005
44.42 -0.3160 -1.1703
44.52 -0.4302 -1.1278
44.62 -0.5347 -1.0712
44.71 -0.6293 -0.9999
44.80 -0.7150 -0.9123
44.89 -0.7933 -0.8043
44.98 -0.8639 -0.6703
45.07 -0.9181 -0.5252
45.15 -0.9523 -0.3947
45.22 -0.9760 -0.2599
45.29 -0.9888 -0.1348
45.35 -0.9934 -0.0115
45.41 -0.9904 0.1094
45.47 -0.9802 0.2270
45.53 -0.9629 0.3415
45.59 -0.9383 0.4535
45.66 -0.9056 0.5633
45.72 -0.8634 0.6712
45.80 -0.8095 0.7770
45.88 -0.7407 0.8800
45.98 -0.6541 0.9769
46.07 -0.5529 1.0588
46.17 -0.4467 1.1199
46.27 -0.3400 1.1624
46.36 -0.2317 1.1909
46.45 -0.1180 1.2080
46.55 0.0059 1.2138
46.67 0.1457 1.2048
46.79 0.2860 1.1780
46.88 0.3990 1.1406
46.98 0.5049 1.0887
47.07 0.6022 1.0219
47.16 0.6905 0.9393
47.25 0.7708 0.8379
47.35 0.8439 0.7120
47.44 0.9065 0.5596
47.52 0.9445 0.4273
47.59 0.9701 0.2979
47.66 0.9860 0.1666
47.73 0.9927 0.0385
47.79 0.9912 -0.0846
47.85 0.9825 -0.2031
47.91 0.9667 -0.3181
47.97 0.9437 -0.4305
48.03 0.9127 -0.5407
48.10 0.8726 -0.6489
48.17 0.8213 -0.7551
48.26 0.7559 -0.8588
48.35 0.6730 -0.9575
48.44 0.5741 -1.0432
48.54 0.4683 -1.1085
48.64 0.3616 -1.1544
48.73 0.2539 -1.1855
48.82 0.1417 -1.2049
48.92 0.0203 -1.2130
49.04 -0.1159 -1.2076
49.16 -0.2659 -1.1825
49.26 -0.3813 -1.1469
49.36 -0.4891 -1.0970
49.45 -0.5881 -1.0323
49.54 -0.6777 -0.9522
49.63 -0.7591 -0.8539
49.72 -0.8333 -0.7320
49.82 -0.8979 -0.5831
49.90 -0.9387 -0.4493
49.97 -0.9663 -0.3185
50.00 -0.9747 -0.2641
