0 142.167658199419
0.1 139.754880260868
0.2 137.383050435654
0.3 135.051473778768
0.4 132.75946713936
0.5 130.506358960577
0.6 128.291489082795
0.7 126.114208550196
0.8 123.973879420621
0.9 121.869874578655
1 119.801577551881
1.1 117.768382330255
1.2 115.769693188547
1.3 113.80492451179
1.4 111.873500623698
1.5 109.974855617992
1.6 108.108433192589
1.7 106.273686486609
1.8 104.47007792014
1.9 102.697079036731
2 100.954170348555
2.1 99.2408411841962
2.2 97.5565895390256
2.3 95.9009219281135
2.4 94.2733532416388
2.5 92.6734066027517
2.6 91.1006132278492
2.7 89.5545122892217
2.8 88.0346507800309
2.9 86.5405833815786
3 85.0718723328288
3.1 83.628087302144
3.2 82.2088052611979
3.3 80.8136103610288
3.4 79.4420938101955
3.5 78.093853755002
3.6 76.7684951617546
3.7 75.4656297010168
3.8 74.1848756338292
3.9 72.9258576998603
4 71.6882070074554
4.1 70.471560925551
4.2 69.275562977425
4.3 68.0998627362482
4.4 66.94411572241
4.5 65.8079833025861
4.6 64.6911325905186
4.7 63.5932363494811
4.8 62.5139728963978
4.9 61.4530260075914
5 60.4100848261286
5.1 59.3848437707404
5.2 58.3770024462857
5.3 57.3862655557368
5.4 56.4123428136567
5.5 55.4549488611459
5.6 54.5138031822325
5.7 53.5886300216809
5.8 52.6791583041958
5.9 51.7851215549973
5.99999999999999 50.9062578217437
6.09999999999999 50.04230959778
6.19999999999999 49.193023746688
6.29999999999999 48.3581514281181
6.39999999999999 47.5374480248786
6.49999999999999 46.7306730712634
6.59999999999999 45.9375901825954
6.69999999999999 45.157966985966
6.79999999999999 44.3915750521501
6.89999999999999 43.6381898286761
6.99999999999999 42.8975905740326
7.09999999999999 42.1695602929906
7.19999999999999 41.4538856730247
7.29999999999999 40.7503570218123
7.39999999999999 40.0587682057936
7.49999999999999 39.378916589775
7.59999999999999 38.710602977557
7.69999999999999 38.0536315535695
7.79999999999999 37.4078098254983
7.89999999999999 36.7729485678847
7.99999999999999 36.1488617666828
8.09999999999999 35.535366564757
8.19999999999999 34.9322832083055
8.29999999999999 34.3394349941922
8.39999999999999 33.7566482181727
8.49999999999999 33.1837521239993
8.59999999999999 32.6205788533895
8.69999999999999 32.066963396843
8.79999999999998 31.5227435452951
8.89999999999998 30.9877598425883
8.99999999999998 30.4618555387527
9.09999999999998 29.9448765440778
9.19999999999998 29.4366713839645
9.29999999999998 28.9370911545429
9.39999999999998 28.4459894790439
9.49999999999998 27.9632224649105
9.59999999999998 27.4886486616374
9.69999999999998 27.0221290193266
9.79999999999998 26.5635268479449
9.89999999999998 26.1127077772747
9.99999999999998 25.6695397175431
10.1 25.2338928207196
10.2 24.8056394424711
10.3 24.3846541047617
10.4 23.9708134590881
10.5 23.5639962503382
10.6 23.1640832812636
10.7 22.7709573775551
10.8 22.3845033535099
10.9 22.0046079782833
11 21.6311599427112
11.1 21.2640498266972
11.2 20.9031700671521
11.3 20.5484149264783
11.4 20.1996804615886
11.5 19.856864493451
11.6 19.5198665771501
11.7 19.1885879724569
11.8 18.8629316148982
11.9 18.5428020873162
12 18.228105591912
12.1 17.9187499227622
12.2 17.6146444388032
12.3 17.3157000372732
12.4 17.0218291276048
12.5 16.7329456057615
12.6 16.448964829009
12.7 16.1698035911151
12.8 15.89538009797
12.9 15.6256139436211
13 15.3604260867134
13.1 15.0997388273315
13.2 14.8434757842323
13.3 14.5915618724665
13.4 14.3439232813778
13.5 14.1004874529771
13.6 13.8611830606825
13.7 13.6259399884212
13.8 13.3946893100851
13.9 13.1673632693355
14 12.9438952597508
14.1 12.7242198053108
14.2 12.5082725412118
14.3 12.2959901950084
14.4 12.0873105680743
14.5 11.8821725173782
14.6 11.680515937569
14.7 11.4822817433648
14.8 11.2874118522413
14.9 11.095849167413
15 10.9075375611048
