100 0.16
1100 0.0501807401968298
2100 0.0360170327677047
3100 0.0297446553208655
4100 0.0260408786951008
5100 0.0228761263229484
6100 0.0209256388241207
7100 0.0195783293348844
8100 0.0183137088679629
9100 0.0171862529330023
10100 0.0165537832958997
11100 0.0153731041866089
12100 0.0148939627395311
13100 0.014185033110034
14100 0.0137881578210287
15100 0.0134418862944882
16100 0.0128996869377209
17100 0.0124933028664794
18100 0.0122850601832722
19100 0.0119066845366771
20100 0.0116674939459126
21100 0.011284240519492
22100 0.01104931218713
23100 0.0107950161420244
24100 0.0105768173832292
25100 0.010419125426828
26100 0.0101805783107739
27100 0.0099626195162261
28100 0.00980333713337892
29100 0.00966566417208001
30100 0.00951476625895742
31100 0.00929411080640309
32100 0.00917604532635854
33100 0.00907328810707491
34100 0.00886589349929308
35100 0.00876848566227506
36100 0.00864787989697119
37100 0.00846134443797633
38100 0.00838182496097957
39100 0.00828794631085016
40100 0.00818833927211258
41100 0.00810691412320987
42100 0.00801163150557758
43100 0.00794274643374979
44100 0.00781001084662373
45100 0.00771977432029646
46100 0.0076612593527571
47100 0.00758716804706073
48100 0.0074868288876094
49100 0.00737555380785351
50100 0.00732117298287957
51100 0.00724206065521681
52100 0.00717369042741272
53100 0.00715798693809115
54100 0.00705964369616855
55100 0.00701700194403385
56100 0.00693974762966927
57100 0.00686440943190611
58100 0.00680947364579081
59100 0.00675214084405882
60100 0.00669849802797735
61100 0.00663633859519771
62100 0.00660243640223384
63100 0.006542969383853
64100 0.00646972521735169
65100 0.00641661653742241
66100 0.00638453982619577
67100 0.00630769363359983
68100 0.00631953768811597
69100 0.00624333123323443
70100 0.0062353421962761
71100 0.00614303308257527
72100 0.00610576087738017
73100 0.00607939901833737
74100 0.00600060806578395
75100 0.00598461459274172
76100 0.00596489990239992
77100 0.00592379233190059
78100 0.00588212134879869
79100 0.00584180386861833
80100 0.00582594285400589
81100 0.00578538768208073
82100 0.00572144514530202
83100 0.0057084256111264
84100 0.00565893333843161
85100 0.00563015894303712
86100 0.00558924313685223
87100 0.00555011939750861
88100 0.00554268552617698
89100 0.00552117065856201
90100 0.00548466850410359
91100 0.00545437327168227
92100 0.00538251175895181
93100 0.00538082135226037
94100 0.00534708885540962
95100 0.00533066953763725
96100 0.00529482159421379
97100 0.00527297036931057
98100 0.00525621040379431
99100 0.00522873114022449
