100 31.0019841269842
1100 425.357031461719
2100 796.460450978424
3100 1117.38418902311
4100 1536.76260992198
5100 1913.48388825534
6100 2239.78929771853
7100 2645.01571677825
8100 2975.46582323589
9100 3309.65009538626
10100 3689.35871810194
11100 4059.57904532452
12100 4437.07897164576
13100 4740.67395349049
14100 5172.74896096285
15100 5612.51633407323
16100 5945.26818149437
17100 6418.55584521018
18100 6699.58627874926
19100 7030.27520977845
20100 7457.76663399696
21100 7855.89811380921
22100 8160.93458345281
23100 8624.56500574143
24100 9014.11656125791
25100 9319.40467817005
26100 9607.60661024437
27100 9976.67415021334
28100 10206.1534119172
29100 10843.7280906903
30100 11061.817005057
31100 11572.8779370661
32100 11787.7309303468
33100 12276.8752266256
34100 12622.134697551
35100 13013.7362031778
36100 13351.5383283716
37100 13859.7395850358
38100 14041.3571307764
39100 14558.1483929209
40100 14852.7795495438
41100 15225.598537899
42100 15632.351672462
43100 16112.2056080771
44100 16416.001080549
45100 16818.14435691
46100 17135.0600088659
47100 17516.7598098331
48100 17864.3089908563
49100 18185.6189454159
50100 18373.5129782611
51100 18910.004423206
52100 19375.8876470821
53100 19617.0232598805
54100 19927.9988088883
55100 20560.6356190602
56100 20725.4769731594
57100 20935.0021760057
58100 21600.2564574133
59100 21931.4406773034
60100 22098.2226035997
61100 22553.4720040638
62100 23166.6947707418
63100 23390.0806399535
64100 23843.6239428929
65100 24140.7514264942
66100 24438.555533412
67100 24979.916346993
68100 25237.894017804
69100 25506.0418397894
70100 25974.7647124293
71100 26390.3025881674
72100 26765.6539007262
73100 26909.5641087922
74100 27368.7517136807
75100 27948.6732761846
76100 28246.9029566773
77100 28615.9560765058
78100 28623.1220675854
79100 29292.5820965403
80100 29754.6302939798
81100 30165.4182380604
82100 30346.1597559368
83100 30722.6935249391
84100 31170.4587595994
85100 31376.5675375361
86100 32061.3652061069
87100 32051.9513527844
88100 32666.7752720465
89100 32826.9611033087
90100 33124.8429280573
91100 33426.819311359
92100 34241.3136961733
93100 34485.7576862162
94100 34983.1929234516
95100 35156.5063436727
96100 35626.7824958745
97100 36067.5766251679
98100 36045.556205579
99100 36884.1575682829
