100 34.265350877193
1100 388.198757763975
2100 785.922807970398
3100 1165.24687854178
4100 1516.42111503476
5100 1907.01167758027
6100 2220.5489860066
7100 2716.58378266783
8100 3076.87157552204
9100 3421.70343601649
10100 3627.44357712921
11100 4135.11160629736
12100 4488.9693995352
13100 4809.77963200685
14100 5213.33858690301
15100 5546.67527133697
16100 5892.67012152413
17100 6283.57372836292
18100 6848.02765140461
19100 7053.72144874427
20100 7306.58395131662
21100 7811.78193280326
22100 8217.32023904683
23100 8571.22290913332
24100 8876.84531564549
25100 9442.85403714057
26100 9555.24045425327
27100 9957.07839944809
28100 10389.0234467109
29100 10924.9316719915
30100 10996.4329250173
31100 11499.9659744311
32100 11834.3338403615
33100 12173.8992636094
34100 12748.9353066948
35100 13008.7181794377
36100 13227.487266941
37100 13843.0740884306
38100 14133.4729231212
39100 14522.6802576166
40100 14889.2070130184
41100 15405.2979472871
42100 15653.8320604269
43100 16005.1851616156
44100 16581.0940024512
45100 16524.6487403101
46100 17078.4277901058
47100 17380.2851779752
48100 17935.3953272299
49100 18175.6168145982
50100 18424.7234126723
51100 18947.5581761673
52100 19281.5678644525
53100 19572.4790153251
54100 20152.0508641563
55100 20391.2654550377
56100 20845.729108317
57100 21192.0737686062
58100 21363.7673967129
59100 21951.6066517295
60100 22274.1191005384
61100 22513.9475907352
62100 22901.5192094524
63100 23286.6623432275
64100 23745.3576255249
65100 24155.8364870138
66100 24928.4328796808
67100 24703.7569813611
68100 25369.2964133616
69100 25573.1829318391
70100 25989.8133367234
71100 26176.3424061467
72100 26731.6979446149
73100 27222.0524404034
74100 27472.3273950279
75100 27958.8353453705
76100 28132.9846003391
77100 28658.868600676
78100 28912.2659221295
79100 29562.7165131111
80100 29486.895649653
81100 29953.4889375562
82100 30600.5625917775
83100 30879.4534087335
84100 31423.0594390105
85100 31792.0458641673
86100 31955.0661603952
87100 32416.4152934715
88100 32671.7986507632
89100 32955.7874599308
90100 33507.0330479959
91100 34085.7206677924
92100 34237.5170528113
93100 34475.7485586645
94100 35035.1982070759
95100 34992.2145183066
96100 35513.1420043665
97100 36269.9860802278
98100 36277.4068659831
99100 36612.8997684519
