
      2.27      -7.33       8.84       9.07      -2.08 
     -7.33      -9.04       1.84      -9.22       2.72 
      8.84       1.84     -0.516       2.28     -0.398 
      9.07      -9.22       2.28       8.71       5.01 
     -2.08       2.72     -0.398       5.01       5.46 

A (the original symmetric) Matrix

      2.27      -7.33       8.84       9.07      -2.08 
     -7.33      -9.04       1.84      -9.22       2.72 
      8.84       1.84     -0.516       2.28     -0.398 
      9.07      -9.22       2.28       8.71       5.01 
     -2.08       2.72     -0.398       5.01       5.46 

Orthogonal V Matrix of eigenvectors

     0.366     -0.624      0.223      0.328      0.565 
     0.824      0.278      0.364    -0.0829     -0.323 
    -0.343      0.445      0.735      0.268      0.269 
      0.23      0.494     -0.341     -0.301      0.705 
    -0.129     -0.302      0.403      -0.85     0.0849 

V*V^T=1:

         1   8.33e-17          0  -1.67e-16   1.18e-16 
  8.33e-17          1  -2.64e-16   1.39e-16   -5.2e-17 
         0  -2.64e-16          1   1.11e-16   1.04e-16 
 -1.67e-16   1.39e-16   1.11e-16          1  -1.32e-16 
  1.18e-16   -5.2e-17   1.04e-16  -1.32e-16          1 

V^T*V=1:

         1    1.8e-16   -1.6e-16  -1.53e-16  -2.13e-16 
   1.8e-16          1  -2.78e-17          0   3.19e-16 
  -1.6e-16  -2.78e-17          1          0   1.39e-17 
 -1.53e-16          0          0          1  -5.55e-17 
 -2.13e-16   3.19e-16   1.39e-17  -5.55e-17          1 

Diagonal Matrix D of eigenvalues

     -16.1          0          0          0          0 
         0      -8.95          0          0          0 
         0          0        1.8          0          0 
         0          0          0       8.42          0 
         0          0          0          0       21.7 

Vt*A*V = D

     -16.1  -3.97e-11   1.67e-15  -2.22e-16  -2.25e-15 
 -3.97e-11      -8.95     -2e-15  -3.11e-15   1.49e-09 
  2.16e-15     -2e-15        1.8   1.01e-09  -1.44e-13 
  3.33e-16  -1.78e-15   1.01e-09       8.42   4.66e-15 
 -1.75e-15   1.49e-09  -1.44e-13   2.89e-15       21.7 

