0 1
0.01001001001001 0.996447446090447
0.02002002002002 0.992894181403014
0.03003003003003 0.989339495159821
0.04004004004004 0.98578267658299
0.05005005005005 0.98222301489464
0.0600600600600601 0.978659799316891
0.0700700700700701 0.975092319071864
0.0800800800800801 0.97151986338168
0.0900900900900901 0.967941721468458
0.1001001001001 0.964357182554319
0.11011011011011 0.960765535861383
0.12012012012012 0.957166070611771
0.13013013013013 0.953558076027602
0.14014014014014 0.949940841330998
0.15015015015015 0.946313655744077
0.16016016016016 0.942675808488962
0.17017017017017 0.939026588787772
0.18018018018018 0.935365285862627
0.19019019019019 0.931691188935648
0.2002002002002 0.928003587228955
0.21021021021021 0.924301769964668
0.22022022022022 0.920585026364908
0.23023023023023 0.916852645651795
0.24024024024024 0.913103917047449
0.25025025025025 0.909338129773991
0.26026026026026 0.90555457305354
0.27027027027027 0.901752536108218
0.28028028028028 0.897931308160145
0.29029029029029 0.89409017843144
0.3003003003003 0.890228436144225
0.31031031031031 0.886345370520619
0.32032032032032 0.882440270782743
0.33033033033033 0.878512426152717
0.34034034034034 0.874561125852661
0.35035035035035 0.870585659104697
0.36036036036036 0.866585315130943
0.37037037037037 0.862559383153521
0.38038038038038 0.85850715239455
0.39039039039039 0.854427912076152
0.4004004004004 0.850320951420446
0.41041041041041 0.846185559649552
0.42042042042042 0.842021025985592
0.43043043043043 0.837826639650685
0.44044044044044 0.833601689866951
0.45045045045045 0.829345465856512
0.46046046046046 0.825057256841487
0.47047047047047 0.820736352043996
0.48048048048048 0.81638204068616
0.49049049049049 0.8119936119901
0.500500500500501 0.807570355177935
0.510510510510511 0.803111559471785
0.520520520520521 0.798616514093772
0.530530530530531 0.794084508266016
0.540540540540541 0.789514831210636
0.550550550550551 0.784906772149754
0.560560560560561 0.780259620305488
0.570570570570571 0.775572664899961
0.580580580580581 0.770845195155292
0.590590590590591 0.766076500293601
0.600600600600601 0.761265869537008
0.610610610610611 0.756412592107635
0.620620620620621 0.751515957227601
0.630630630630631 0.746575254119027
0.640640640640641 0.741589772004033
0.650650650650651 0.736558800104739
0.660660660660661 0.731481627643265
0.670670670670671 0.726357543841733
0.680680680680681 0.721185837922262
0.690690690690691 0.715965799106972
0.700700700700701 0.710696716617984
0.710710710710711 0.705377879677419
0.720720720720721 0.700008577507395
0.730730730730731 0.694588099330035
0.740740740740741 0.689115734367458
0.750750750750751 0.683590771841784
0.760760760760761 0.678012500975135
0.770770770770771 0.672380210989629
0.780780780780781 0.666693191107387
0.790790790790791 0.660950730550531
0.800800800800801 0.655152118541179
0.810810810810811 0.649296644301453
0.820820820820821 0.643383597053472
0.830830830830831 0.637412266019357
0.840840840840841 0.631381940421229
0.850850850850851 0.625291909481207
0.860860860860861 0.619141462421413
0.870870870870871 0.612929888463965
0.880880880880881 0.606656476830985
0.890890890890891 0.600320516744593
0.900900900900901 0.59392129742691
0.910910910910911 0.587458108100054
0.920920920920921 0.580930237986148
0.930930930930931 0.574336976307311
0.940940940940941 0.567677612285663
0.950950950950951 0.560951435143325
0.960960960960961 0.554157734102417
0.970970970970971 0.54729579838506
0.980980980980981 0.540364917213373
0.990990990990991 0.533364379809477
1.001001001001 0.526293475395493
1.01101101101101 0.519151493193541
1.02102102102102 0.51193772242574
1.03103103103103 0.504651452314212
1.04104104104104 0.497291972081076
1.05105105105105 0.489858570948454
1.06106106106106 0.482350538138465
1.07107107107107 0.474767162873229
1.08108108108108 0.467107734374867
1.09109109109109 0.4593715418655
1.1011011011011 0.451557874567247
1.11111111111111 0.443666021702229
1.12112112112112 0.435695622315651
1.13113113113113 0.427647714745064
1.14114114114114 0.419523687151102
1.15115115115115 0.411324927694399
1.16116116116116 0.403052824535591
1.17117117117117 0.394708765835312
1.18118118118118 0.386294139754198
1.19119119119119 0.377810334452882
1.2012012012012 0.369258738092
1.21121121121121 0.360640738832187
1.22122122122122 0.351957724834078
1.23123123123123 0.343211084258306
1.24124124124124 0.334402205265508
1.25125125125125 0.325532476016318
1.26126126126126 0.316603284671371
1.27127127127127 0.307616019391301
1.28128128128128 0.298572068336744
1.29129129129129 0.289472819668334
1.3013013013013 0.280319661546706
1.31131131131131 0.271113982132495
1.32132132132132 0.261857169586336
1.33133133133133 0.252550612068864
1.34134134134134 0.243195697740713
1.35135135135135 0.233793814762519
1.36136136136136 0.224346351294915
1.37137137137137 0.214854695498537
1.38138138138138 0.205320235534021
1.39139139139139 0.195744359562
1.4014014014014 0.186128455743109
1.41141141141141 0.176473912237983
1.42142142142142 0.166782117207258
1.43143143143143 0.157054458811568
1.44144144144144 0.147292325211547
1.45145145145145 0.137497104567831
1.46146146146146 0.127670185041054
1.47147147147147 0.117812954791852
1.48148148148148 0.107926801980859
1.49149149149149 0.0980131147687093
1.5015015015015 0.0880732813160387
1.51151151151151 0.0781086897834816
1.52152152152152 0.068120728331673
1.53153153153153 0.0581107851212477
1.54154154154154 0.0480802483128404
1.55155155155155 0.038030506067086
1.56156156156156 0.0279629465446192
1.57157157157157 0.0178789579060751
1.58158158158158 0.0077799283120884
1.59159159159159 -0.00233275407670608
1.6016016016016 -0.0124577010996735
1.61161161161161 -0.0225935245961793
1.62162162162162 -0.0327388364055881
1.63163163163163 -0.0428922483672654
1.64164164164164 -0.0530523723205764
1.65165165165165 -0.063217820104886
1.66166166166166 -0.0733872035595597
1.67167167167167 -0.0835591345239625
1.68168168168168 -0.0937322248374596
1.69169169169169 -0.103905086339416
1.7017017017017 -0.114076330869197
1.71171171171171 -0.124244570266168
1.72172172172172 -0.134408416369694
1.73173173173173 -0.144566481019141
1.74174174174174 -0.154717376053872
1.75175175175175 -0.164859713313254
1.76176176176176 -0.174992104636652
1.77177177177177 -0.18511316186343
1.78178178178178 -0.195221496832954
1.79179179179179 -0.20531572138459
1.8018018018018 -0.215394447357702
1.81181181181181 -0.225456286591655
1.82182182182182 -0.235499850925815
1.83183183183183 -0.245523752199547
1.84184184184184 -0.255526602252216
1.85185185185185 -0.265507012923187
1.86186186186186 -0.275463596051826
1.87187187187187 -0.285394963477497
1.88188188188188 -0.295299727039566
1.89189189189189 -0.305176498577397
1.9019019019019 -0.315023889930357
1.91191191191191 -0.32484051293781
1.92192192192192 -0.334624979439121
1.93193193193193 -0.344375901273655
1.94194194194194 -0.354091890280779
1.95195195195195 -0.363771558299856
1.96196196196196 -0.373413517170252
1.97197197197197 -0.383016378731333
1.98198198198198 -0.392578754822463
1.99199199199199 -0.402099257283007
2.002002002002 -0.411576497952331
2.01201201201201 -0.4210090886698
2.02202202202202 -0.43039564127478
2.03203203203203 -0.439734767606634
2.04204204204204 -0.449025079504729
2.05205205205205 -0.458265188808429
2.06206206206206 -0.4674537073571
2.07207207207207 -0.476589246990107
2.08208208208208 -0.485670419546815
2.09209209209209 -0.494695836866589
2.1021021021021 -0.503664110788795
2.11211211211211 -0.512573853152797
2.12212212212212 -0.521423675797961
2.13213213213213 -0.530212190563652
2.14214214214214 -0.538938009289235
2.15215215215215 -0.547599743814076
2.16216216216216 -0.556196005977538
2.17217217217217 -0.564725407618988
2.18218218218218 -0.573186560577792
2.19219219219219 -0.581578076693313
2.2022022022022 -0.589898567804917
2.21221221221221 -0.59814664575197
2.22222222222222 -0.606320922373835
2.23223223223223 -0.61442019360617
2.24224224224224 -0.622443991769787
2.25225225225225 -0.630392033281793
2.26226226226226 -0.638264034559291
2.27227227227227 -0.646059712019386
2.28228228228228 -0.653778782079183
2.29229229229229 -0.661420961155787
2.3023023023023 -0.668985965666301
2.31231231231231 -0.676473512027831
2.32232232232232 -0.683883316657482
2.33233233233233 -0.691215095972357
2.34234234234234 -0.698468566389562
2.35235235235235 -0.705643444326201
2.36236236236236 -0.712739446199379
2.37237237237237 -0.7197562884262
2.38238238238238 -0.72669368742377
2.39239239239239 -0.733551359609192
2.4024024024024 -0.740329021399572
2.41241241241241 -0.747026389212013
2.42242242242242 -0.753643179463621
2.43243243243243 -0.760179108571501
2.44244244244244 -0.766633892952756
2.45245245245245 -0.773007249024492
2.46246246246246 -0.779298893203813
2.47247247247247 -0.785508541907824
2.48248248248248 -0.791635911553629
2.49249249249249 -0.797680718558333
2.5025025025025 -0.803642679339041
2.51251251251251 -0.809521510312857
2.52252252252252 -0.815316927896886
2.53253253253253 -0.821028648508233
2.54254254254254 -0.826656388564002
2.55255255255255 -0.832199864481298
2.56256256256256 -0.837658792677225
2.57257257257257 -0.843032889568888
2.58258258258258 -0.848321871573392
2.59259259259259 -0.853525455107842
2.6026026026026 -0.858643356589341
2.61261261261261 -0.863675292434995
2.62262262262262 -0.868620979061908
2.63263263263263 -0.873480132887185
2.64264264264264 -0.878252470327931
2.65265265265265 -0.88293770780125
2.66266266266266 -0.887535561724246
2.67267267267267 -0.892045748514026
2.68268268268268 -0.896467984587692
2.69269269269269 -0.900801986362349
2.7027027027027 -0.905047470255103
2.71271271271271 -0.909204152683058
2.72272272272272 -0.913271750063319
2.73273273273273 -0.91724997881299
2.74274274274274 -0.921138555349175
2.75275275275275 -0.92493719608898
2.76276276276276 -0.928645617449509
2.77277277277277 -0.932263535847867
2.78278278278278 -0.935790667701158
2.79279279279279 -0.939226729426488
2.8028028028028 -0.94257143744096
2.81281281281281 -0.945824508161679
2.82282282282282 -0.94898565800575
2.83283283283283 -0.952054603390277
2.84284284284284 -0.955031060732366
2.85285285285285 -0.95791474644912
2.86286286286286 -0.960705376957645
2.87287287287287 -0.963402668675045
2.88288288288288 -0.966006338018425
2.89289289289289 -0.968516101404889
2.9029029029029 -0.970931675251542
2.91291291291291 -0.973252775975488
2.92292292292292 -0.975479119993833
2.93293293293293 -0.97761042372368
2.94294294294294 -0.979646403582135
2.95295295295295 -0.981586775986302
2.96296296296296 -0.983431257353286
2.97297297297297 -0.985179564100191
2.98298298298298 -0.986831412644122
2.99299299299299 -0.988386519402184
3.003003003003 -0.989844600791481
3.01301301301301 -0.991205373229118
3.02302302302302 -0.9924685531322
3.03303303303303 -0.99363385691783
3.04304304304304 -0.994701001003115
3.05305305305305 -0.995669701805157
3.06306306306306 -0.996539675741063
3.07307307307307 -0.997310639227937
3.08308308308308 -0.997982308682883
3.09309309309309 -0.998554400523006
3.1031031031031 -0.99902663116541
3.11311311311311 -0.999398717027201
3.12312312312312 -0.999670374525482
3.13313313313313 -0.999841320077359
3.14314314314314 -0.999911270099936
3.15315315315315 -0.999879941010318
3.16316316316316 -0.999747049225609
3.17317317317317 -0.999512311162914
3.18318318318318 -0.999175443239338
3.19319319319319 -0.998736161871985
3.2032032032032 -0.99819418347796
3.21321321321321 -0.997549224474367
3.22322322322322 -0.996801001278312
3.23323323323323 -0.995949230306898
3.24324324324324 -0.994993627977231
3.25325325325325 -0.993933910706414
3.26326326326326 -0.992769794911554
3.27327327327327 -0.991500997009754
3.28328328328328 -0.990127233418119
3.29329329329329 -0.988648220553753
3.3033033033033 -0.987063674833762
3.31331331331331 -0.985373312675249
3.32332332332332 -0.98357685049532
3.33333333333333 -0.981674004711079
3.34334334334334 -0.9796646540416
3.35335335335335 -0.977549326413835
3.36336336336336 -0.975328712056705
3.37337337337337 -0.97300350119913
3.38338338338338 -0.970574384070033
3.39339339339339 -0.968042050898334
3.4034034034034 -0.965407191912953
3.41341341341341 -0.962670497342813
3.42342342342342 -0.959832657416834
3.43343343343343 -0.956894362363936
3.44344344344344 -0.953856302413043
3.45345345345345 -0.950719167793073
3.46346346346346 -0.947483648732949
3.47347347347347 -0.94415043546159
3.48348348348348 -0.94072021820792
3.49349349349349 -0.937193687200858
3.5035035035035 -0.933571532669325
3.51351351351351 -0.929854444842243
3.52352352352352 -0.926043113948532
3.53353353353353 -0.922138230217114
3.54354354354354 -0.91814048387691
3.55355355355355 -0.91405056515684
3.56356356356356 -0.909869164285826
3.57357357357357 -0.905596971492789
3.58358358358358 -0.90123467700665
3.59359359359359 -0.89678297105633
3.6036036036036 -0.892242543870749
3.61361361361361 -0.88761408567883
3.62362362362362 -0.882898286709493
3.63363363363363 -0.878095837191658
3.64364364364364 -0.873207427354248
3.65365365365365 -0.868233747426183
3.66366366366366 -0.863175487636385
3.67367367367367 -0.858033338213773
3.68368368368368 -0.85280798938727
3.69369369369369 -0.847500131385796
3.7037037037037 -0.842110454438273
3.71371371371371 -0.836639648773621
3.72372372372372 -0.831088404620761
3.73373373373373 -0.825457412208616
3.74374374374374 -0.819747361766104
3.75375375375375 -0.813958943522149
3.76376376376376 -0.80809284770567
3.77377377377377 -0.802149764545588
3.78378378378378 -0.796130384270826
3.79379379379379 -0.790035397110303
3.8038038038038 -0.783865493292942
3.81381381381381 -0.777621363047662
3.82382382382382 -0.771303696603385
3.83383383383383 -0.764913184189032
3.84384384384384 -0.758450516033524
3.85385385385385 -0.751916382365783
3.86386386386386 -0.745311473414728
3.87387387387387 -0.738636479409282
3.88388388388388 -0.731892090578365
3.89389389389389 -0.725078997150898
3.9039039039039 -0.718197889355802
3.91391391391391 -0.711249457421999
3.92392392392392 -0.70423439157841
3.93393393393393 -0.697153382053954
3.94394394394394 -0.690007119077555
3.95395395395395 -0.682796292878131
3.96396396396396 -0.675521593684606
3.97397397397397 -0.668183711725899
3.98398398398398 -0.660783337230932
3.99399399399399 -0.653321160428626
4.004004004004 -0.645797871547901
4.01401401401401 -0.638214160817679
4.02402402402402 -0.630570718466881
4.03403403403403 -0.622868234724428
4.04404404404404 -0.615107399819241
4.05405405405405 -0.607288903980241
4.06406406406406 -0.599413437436349
4.07407407407407 -0.591481690416487
4.08408408408408 -0.583494353149574
4.09409409409409 -0.575452115864533
4.1041041041041 -0.567355668790284
4.11411411411411 -0.559205702155748
4.12412412412412 -0.551002906189847
4.13413413413413 -0.542747971121501
4.14414414414414 -0.534441587179631
4.15415415415415 -0.526084444593159
4.16416416416416 -0.517677233591006
4.17417417417417 -0.509220644402092
4.18418418418418 -0.500715367255338
4.19419419419419 -0.492162092379667
4.2042042042042 -0.483561510003998
4.21421421421421 -0.474914310357253
4.22422422422422 -0.466221183668352
4.23423423423423 -0.457482820166218
4.24424424424424 -0.448699910079771
4.25425425425425 -0.439873143637931
4.26426426426426 -0.43100321106962
4.27427427427427 -0.42209080260376
4.28428428428428 -0.413136608469271
4.29429429429429 -0.404141318895073
4.3043043043043 -0.395105624110089
4.31431431431431 -0.386030214343239
4.32432432432432 -0.376915779823445
4.33433433433433 -0.367763010779626
4.34434434434434 -0.358572597440706
4.35435435435435 -0.349345230035603
4.36436436436436 -0.34008159879324
4.37437437437437 -0.330782393942538
4.38438438438438 -0.321448305712417
4.39439439439439 -0.312080024331799
4.4044044044044 -0.302678240029604
4.41441441441441 -0.293243643034754
4.42442442442442 -0.28377692357617
4.43443443443443 -0.274278771882773
4.44444444444444 -0.264749878183483
4.45445445445445 -0.255190988050541
4.46446446446446 -0.24560306842946
4.47447447447447 -0.235987141609073
4.48448448448448 -0.226344229878211
4.49449449449449 -0.216675355525708
4.5045045045045 -0.206981540840396
4.51451451451451 -0.197263808111107
4.52452452452452 -0.187523179626673
4.53453453453453 -0.177760677675926
4.54454454454454 -0.1679773245477
4.55455455455455 -0.158174142530826
4.56456456456456 -0.148352153914137
4.57457457457457 -0.138512380986466
4.58458458458458 -0.128655846036643
4.59459459459459 -0.118783571353503
4.6046046046046 -0.108896579225876
4.61461461461461 -0.0989958919425968
4.62462462462462 -0.089082531792496
4.63463463463463 -0.0791575210644065
4.64464464464464 -0.0692218820471606
4.65465465465465 -0.0592766370295907
4.66466466466466 -0.0493228083005291
4.67467467467467 -0.0393614181488082
4.68468468468468 -0.0293934888632603
4.69469469469469 -0.0194200427327179
4.7047047047047 -0.0094421020460132
4.71471471471471 0.000539310908021395
4.72472472472472 0.0105231738405535
4.73473473473473 0.0205084644627508
4.74474474474474 0.0304941604857809
4.75475475475475 0.0404792396208115
4.76476476476476 0.0504626795790102
4.77477477477477 0.0604434580715447
4.78478478478478 0.0704205528095826
4.79479479479479 0.0803929415042915
4.8048048048048 0.0903596018668391
4.81481481481481 0.100319511608393
4.82482482482482 0.110271648440121
4.83483483483483 0.120214990073191
4.84484484484484 0.13014851421877
4.85485485485485 0.140071198588025
4.86486486486486 0.149982020892126
4.87487487487487 0.159879958842238
4.88488488488488 0.169763990149531
4.89489489489489 0.179633092525171
4.9049049049049 0.189486243680326
4.91491491491491 0.199322421326164
4.92492492492492 0.209140603173852
4.93493493493493 0.218939766934558
4.94494494494494 0.228718890319451
4.95495495495495 0.238476951039696
4.96496496496496 0.248212926806463
4.97497497497497 0.257925795330918
4.98498498498498 0.267614534324229
4.99499499499499 0.277278121497565
5.00500500500501 0.286915534562092
5.01501501501502 0.296525751228978
5.02502502502503 0.306107749209391
5.03503503503504 0.315660506214499
5.04504504504505 0.325182999955469
5.05505505505506 0.334674208143469
5.06506506506507 0.344133108489666
5.07507507507508 0.353558678705229
5.08508508508509 0.362949896501324
5.0950950950951 0.372305739589119
5.10510510510511 0.381625185679783
5.11511511511512 0.390907212484482
5.12512512512513 0.400150797714385
5.13513513513514 0.409354919080658
5.14514514514515 0.418518554294471
5.15515515515516 0.427640681066989
5.16516516516517 0.436720277109382
5.17517517517518 0.445756320132816
5.18518518518519 0.454747787848459
5.1951951951952 0.463693657967479
5.20520520520521 0.472592908201044
5.21521521521522 0.48144451626032
5.22522522522523 0.490247459856477
5.23523523523524 0.499000716700681
5.24524524524525 0.5077032645041
5.25525525525526 0.516354080977902
5.26526526526527 0.524952143833254
5.27527527527528 0.533496430781324
5.28528528528529 0.54198591953328
5.2952952952953 0.55041958780029
5.30530530530531 0.55879641329352
5.31531531531532 0.567115373724138
5.32532532532533 0.575375446803313
5.33533533533534 0.583575610242212
5.34534534534535 0.591714841752003
5.35535535535536 0.599792119043852
5.36536536536537 0.607806419828929
5.37537537537538 0.6157567218184
5.38538538538539 0.623642002723433
5.3953953953954 0.631461240255196
5.40540540540541 0.639213412124856
5.41541541541542 0.646897496043581
5.42542542542543 0.654512469722539
5.43543543543544 0.662057310872898
5.44544544544545 0.669530997205824
5.45545545545546 0.676932506432486
5.46546546546547 0.684260816264051
5.47547547547548 0.691514904411688
5.48548548548549 0.698693748586562
5.4954954954955 0.705796326499843
5.50550550550551 0.712821615862698
5.51551551551552 0.719768594386294
5.52552552552553 0.7266362397818
5.53553553553554 0.733423529760382
5.54554554554555 0.740129442033209
5.55555555555556 0.746752954311448
5.56556556556557 0.753293188320164
5.57557557557558 0.75974984184001
5.58558558558559 0.766122756665538
5.5955955955956 0.772411774591299
5.60560560560561 0.778616737411843
5.61561561561562 0.784737486921722
5.62562562562563 0.790773864915486
5.63563563563564 0.796725713187687
5.64564564564565 0.802592873532875
5.65565565565566 0.808375187745601
5.66566566566567 0.814072497620416
5.67567567567568 0.819684644951872
5.68568568568569 0.825211471534519
5.6956956956957 0.830652819162907
5.70570570570571 0.836008529631589
5.71571571571572 0.841278444735115
5.72572572572573 0.846462406268036
5.73573573573574 0.851560256024903
5.74574574574575 0.856571835800267
5.75575575575576 0.861496987388678
5.76576576576577 0.866335552584688
5.77577577577578 0.871087373182848
5.78578578578579 0.875752290977709
5.7957957957958 0.880330147763821
5.80580580580581 0.884820785335736
5.81581581581582 0.889224045488004
5.82582582582583 0.893539770015177
5.83583583583584 0.897767800711805
5.84584584584585 0.90190797937244
5.85585585585586 0.905960147791632
5.86586586586587 0.909924147763932
5.87587587587588 0.913799821083891
5.88588588588589 0.917587009546061
5.8958958958959 0.921285554944991
5.90590590590591 0.924895299075234
5.91591591591592 0.92841608373134
5.92592592592593 0.931847750707859
5.93593593593594 0.935190141799344
5.94594594594595 0.938443098800345
5.95595595595596 0.941606463505412
5.96596596596597 0.944680077709097
5.97597597597598 0.947663783205951
5.98598598598599 0.950557421790525
5.995995995996 0.953360835257369
6.00600600600601 0.956073865401035
6.01601601601602 0.958696354016073
6.02602602602603 0.961228142897035
6.03603603603604 0.963669073838471
6.04604604604605 0.966018988634933
6.05605605605606 0.968277729080971
6.06606606606607 0.970445136971136
6.07607607607608 0.972521054099979
6.08608608608609 0.974505322262052
6.0960960960961 0.976397783251905
6.10610610610611 0.978198278864089
6.11611611611612 0.979906650893155
6.12612612612613 0.981522741133654
6.13613613613614 0.983046391380137
6.14614614614615 0.984477443427155
6.15615615615616 0.985815739069259
6.16616616616617 0.987061120100999
6.17617617617618 0.988213428316927
6.18618618618619 0.989272505511595
6.1961961961962 0.990238193479551
6.20620620620621 0.991110334015348
6.21621621621622 0.991888768913537
6.22622622622623 0.992573339968669
6.23623623623624 0.993163888975293
6.24624624624625 0.993660257727963
6.25625625625626 0.994062288021227
6.26626626626627 0.994369821649638
6.27627627627628 0.994582700407746
6.28628628628629 0.994700766090103
6.2962962962963 0.994723860491258
6.30630630630631 0.994651825405764
6.31631631631632 0.994484502628171
6.32632632632633 0.99422173395303
6.33633633633634 0.993863361174891
6.34634634634635 0.993409226088307
6.35635635635636 0.992859170487828
6.36636636636637 0.992213036168004
6.37637637637638 0.991470664923387
6.38638638638639 0.990631898548528
6.3963963963964 0.989696578837978
6.40640640640641 0.988664547586287
6.41641641641642 0.987535646588007
6.42642642642643 0.986309717637688
6.43643643643644 0.984986602529882
6.44644644644645 0.983566143059139
6.45645645645646 0.982048181020011
6.46646646646647 0.980432558207048
6.47647647647648 0.978719116414801
6.48648648648649 0.976907697437822
6.4964964964965 0.974998143070661
6.50650650650651 0.972990295107869
6.51651651651652 0.970883995343997
6.52652652652653 0.968679085573596
6.53653653653654 0.966375407591217
6.54654654654655 0.963972803191411
6.55655655655656 0.961471114168729
6.56656656656657 0.958870182317721
6.57657657657658 0.95616984943294
6.58658658658659 0.953369957308935
6.5965965965966 0.950470347740259
6.60660660660661 0.94747086252146
6.61661661661662 0.944371343447091
6.62662662662663 0.941171632311703
6.63663663663664 0.937871570909847
6.64664664664665 0.934471001036073
6.65665665665666 0.930969764484932
6.66666666666667 0.927367703050975
6.67667667667668 0.923664813804778
6.68668668668669 0.919861714921008
6.6966966966967 0.915959179850357
6.70670670670671 0.911957982043519
6.71671671671672 0.907858894951184
6.72672672672673 0.903662692024045
6.73673673673674 0.899370146712795
6.74674674674675 0.894982032468125
6.75675675675676 0.890499122740728
6.76676676676677 0.885922190981296
6.77677677677678 0.88125201064052
6.78678678678679 0.876489355169093
6.7967967967968 0.871634998017708
6.80680680680681 0.866689712637056
6.81681681681682 0.86165427247783
6.82682682682683 0.856529450990721
6.83683683683684 0.851316021626422
6.84684684684685 0.846014757835626
6.85685685685686 0.840626433069023
6.86686686686687 0.835151820777307
6.87687687687688 0.829591694411169
6.88688688688689 0.823946827421302
6.8968968968969 0.818217993258398
6.90690690690691 0.812405965373148
6.91691691691692 0.806511517216246
6.92692692692693 0.800535422238383
6.93693693693694 0.794478453890252
6.94694694694695 0.788341385622544
6.95695695695696 0.782124990885952
6.96696696696697 0.775830043131168
6.97697697697698 0.769457315808884
6.98698698698699 0.763007582369792
6.996996996997 0.756481616264585
7.00700700700701 0.749880190943954
7.01701701701702 0.743204079858592
7.02702702702703 0.736454056459191
7.03703703703704 0.729630894196442
7.04704704704705 0.72273536652104
7.05705705705706 0.715768246883674
7.06706706706707 0.708730308735038
7.07707707707708 0.701622325525824
7.08708708708709 0.694445070706723
7.0970970970971 0.687199317728429
7.10710710710711 0.679885840041632
7.11711711711712 0.672505411097026
7.12712712712713 0.665058804345303
7.13713713713714 0.657546793237154
7.14714714714715 0.649970151223272
7.15715715715716 0.642329651754349
7.16716716716717 0.634626068281076
7.17717717717718 0.626860174254148
7.18718718718719 0.619032743124254
7.1971971971972 0.611144548342089
7.20720720720721 0.603196363358343
7.21721721721722 0.595188961623709
7.22722722722723 0.587123116588879
7.23723723723724 0.578999601704545
7.24724724724725 0.5708191904214
7.25725725725726 0.562582656190135
7.26726726726727 0.554290772461443
7.27727727727728 0.545944312686015
7.28728728728729 0.537544050314545
7.2972972972973 0.529090758797724
7.30730730730731 0.520585211586244
7.31731731731732 0.512028182130798
7.32732732732733 0.503420443882077
7.33733733733734 0.494762770290775
7.34734734734735 0.486055934807582
7.35735735735736 0.477300710883191
7.36736736736737 0.468497871968295
7.37737737737738 0.459648191513585
7.38738738738739 0.450752442969754
7.3973973973974 0.441811399787493
7.40740740740741 0.432825835417496
7.41741741741742 0.423796523310453
7.42742742742743 0.414724236917058
7.43743743743744 0.405609749688002
7.44744744744745 0.396453835073978
7.45745745745746 0.387257266525678
7.46746746746747 0.378020817493793
7.47747747747748 0.368745261429017
7.48748748748749 0.35943137178204
7.4974974974975 0.350079922003556
7.50750750750751 0.340691685544257
7.51751751751752 0.331267435854834
7.52752752752753 0.32180794638598
7.53753753753754 0.312313990588387
7.54754754754755 0.302786341912747
7.55755755755756 0.293225773809753
7.56756756756757 0.283633059730096
7.57757757757758 0.274008973124469
7.58758758758759 0.264354287443563
7.5975975975976 0.254669776138072
7.60760760760761 0.244956212658686
7.61761761761762 0.235214370456099
7.62762762762763 0.225445022981002
7.63763763763764 0.215648943684088
7.64764764764765 0.205826906016049
7.65765765765766 0.195979683427576
7.66766766766767 0.186108049369363
7.67767767767768 0.176212777292101
7.68768768768769 0.166294640646482
7.6976976976977 0.156354412883199
7.70770770770771 0.146392867452943
7.71771771771772 0.136410777806408
7.72772772772773 0.126408917394284
7.73773773773774 0.116388059667265
7.74774774774775 0.106348978076042
7.75775775775776 0.096292446071307
7.76776776776777 0.086219237103753
7.77777777777778 0.0761301246240719
7.78778778778779 0.066025956452385
7.7977977977978 0.05590787788653
7.80780780780781 0.0457771085937739
7.81781781781782 0.0356348682413837
7.82782782782783 0.0254823764966265
7.83783783783784 0.0153208530267691
7.84784784784785 0.00515151749907862
7.85785785785786 -0.005024410419178
7.86786786786787 -0.0152057110607338
7.87787787787788 -0.0253911647583218
7.88788788788789 -0.035579551844675
7.8978978978979 -0.0457696526525265
7.90790790790791 -0.0559602475146092
7.91791791791792 -0.0661501167636561
7.92792792792793 -0.0763380407324003
7.93793793793794 -0.0865227997535749
7.94794794794795 -0.0967031741599127
7.95795795795796 -0.106877944284147
7.96796796796797 -0.11704589045901
7.97797797797798 -0.127205793017237
7.98798798798799 -0.137356432291558
7.997997997998 -0.147496588614708
8.00800800800801 -0.15762504231942
8.01801801801802 -0.167740573738425
8.02802802802803 -0.177841963204458
8.03803803803804 -0.187927991050252
8.04804804804805 -0.197997437608539
8.05805805805806 -0.208049083212053
8.06806806806807 -0.218081708193526
8.07807807807808 -0.228094092885692
8.08808808808809 -0.238085017621283
8.0980980980981 -0.248053262733033
8.10810810810811 -0.257997608553675
8.11811811811812 -0.267916835415941
8.12812812812813 -0.277809723652565
8.13813813813814 -0.28767505359628
8.14814814814815 -0.297511605579818
8.15815815815816 -0.307318159935913
8.16816816816817 -0.317093496997298
8.17817817817818 -0.326836397096705
8.18818818818819 -0.336545640566869
8.1981981981982 -0.346220007740521
8.20820820820821 -0.355858278950395
8.21821821821822 -0.365459234529223
8.22822822822823 -0.37502165480974
8.23823823823824 -0.384544320124677
8.24824824824825 -0.394026010806769
8.25825825825826 -0.403465507188747
8.26826826826827 -0.412861589603345
8.27827827827828 -0.422213038383296
8.28828828828829 -0.431518633861333
8.2982982982983 -0.44077715637019
8.30830830830831 -0.449987386242598
8.31831831831832 -0.459148103811291
8.32832832832833 -0.468258089409002
8.33833833833834 -0.477316123368464
8.34834834834835 -0.486320986022411
8.35835835835836 -0.495271457703574
8.36836836836837 -0.504166318744688
8.37837837837838 -0.513004349478484
8.38838838838839 -0.521784330237697
8.3983983983984 -0.530505041355059
8.40840840840841 -0.539165263163303
8.41841841841842 -0.547763775995163
8.42842842842843 -0.556299360183371
8.43843843843844 -0.564770796060659
8.44844844844845 -0.573176863959763
8.45845845845846 -0.581516344213413
8.46846846846847 -0.589788017154344
8.47847847847848 -0.597990663115288
8.48848848848849 -0.606123062428979
8.4984984984985 -0.614183995428149
8.50850850850851 -0.622172242445531
8.51851851851852 -0.630086583813858
8.52852852852853 -0.637925799865865
8.53853853853854 -0.645688670934282
8.54854854854855 -0.653373977351844
8.55855855855856 -0.660980499451283
8.56856856856857 -0.668507017565333
8.57857857857858 -0.675952312026727
8.58858858858859 -0.683315163168197
8.5985985985986 -0.690594351322476
8.60860860860861 -0.697788656822299
8.61861861861862 -0.704896860000396
8.62862862862863 -0.711917741189503
8.63863863863864 -0.718850080722351
8.64864864864865 -0.725692658931673
8.65865865865866 -0.732444256150204
8.66866866866867 -0.739103652710675
8.67867867867868 -0.745669628945819
8.68868868868869 -0.752140965188371
8.6986986986987 -0.758516441771062
8.70870870870871 -0.764794839026626
8.71871871871872 -0.770974937287796
8.72872872872873 -0.777055516887304
8.73873873873874 -0.783035358157885
8.74874874874875 -0.78891324143227
8.75875875875876 -0.794687947043193
8.76876876876877 -0.800358255323387
8.77877877877878 -0.805922946605585
8.78878878878879 -0.81138080122252
8.7987987987988 -0.816730599506924
8.80880880880881 -0.821971121791532
8.81881881881882 -0.827101148409076
8.82882882882883 -0.832119459692288
8.83883883883884 -0.837024835973903
8.84884884884885 -0.841816057586653
8.85885885885886 -0.84649190486327
8.86886886886887 -0.851051158136489
8.87887887887888 -0.855492597739042
8.88888888888889 -0.859815004003662
8.8988988988989 -0.864017541101028
8.90890890890891 -0.868100908553601
8.91891891891892 -0.872066189721789
8.92892892892893 -0.875914467965998
8.93893893893894 -0.879646826646637
8.94894894894895 -0.883264349124111
8.95895895895896 -0.886768118758829
8.96896896896897 -0.890159218911198
8.97897897897898 -0.893438732941624
8.98898898898899 -0.896607744210515
8.998998998999 -0.899667336078278
9.00900900900901 -0.902618591905321
9.01901901901902 -0.905462595052051
9.02902902902903 -0.908200428878874
9.03903903903904 -0.910833176746198
9.04904904904905 -0.913361922014431
9.05905905905906 -0.915787748043979
9.06906906906907 -0.918111738195249
9.07907907907908 -0.920334975828649
9.08908908908909 -0.922458544304587
9.0990990990991 -0.924483526983468
9.10910910910911 -0.926411007225702
9.11911911911912 -0.928242068391693
9.12912912912913 -0.929977793841851
9.13913913913914 -0.931619266936582
9.14914914914915 -0.933167571036293
9.15915915915916 -0.934623789501391
9.16916916916917 -0.935989005692284
9.17917917917918 -0.937264302969379
9.18918918918919 -0.938450764693084
9.1991991991992 -0.939549474223804
9.20920920920921 -0.940561514921948
9.21921921921922 -0.941487970147923
9.22922922922923 -0.942329923262135
9.23923923923924 -0.943088457624993
9.24924924924925 -0.943764656596903
9.25925925925926 -0.944359603538273
9.26926926926927 -0.944874381809509
9.27927927927928 -0.94531007477102
9.28928928928929 -0.945667765783211
9.2992992992993 -0.945948538206491
9.30930930930931 -0.946153475401267
9.31931931931932 -0.946283660727945
9.32932932932933 -0.946340177546933
9.33933933933934 -0.946324109218639
9.34934934934935 -0.946236539103468
9.35935935935936 -0.94607855056183
9.36936936936937 -0.94585122695413
9.37937937937938 -0.945555651640776
9.38938938938939 -0.945192907982176
9.3993993993994 -0.944764079338736
9.40940940940941 -0.944270249070863
9.41941941941942 -0.943712500538966
9.42942942942943 -0.94309191710345
9.43943943943944 -0.942409582124724
9.44944944944945 -0.941666578963194
9.45945945945946 -0.940863990979268
9.46946946946947 -0.940002901533353
9.47947947947948 -0.939084393985855
9.48948948948949 -0.938109551697184
9.4994994994995 -0.937079458027744
9.50950950950951 -0.935995196337944
9.51951951951952 -0.934857849988192
9.52952952952953 -0.933668502338893
9.53953953953954 -0.932428236750455
9.54954954954955 -0.931138136583286
9.55955955955956 -0.929799285197793
9.56956956956957 -0.928412765954383
9.57957957957958 -0.926979662213463
9.58958958958959 -0.92550105733544
9.5995995995996 -0.923978034680722
9.60960960960961 -0.922411677609716
9.61961961961962 -0.920803069482828
9.62962962962963 -0.919153293660467
9.63963963963964 -0.917463433503039
9.64964964964965 -0.915734572370952
9.65965965965966 -0.913967793624612
9.66966966966967 -0.912164180624428
9.67967967967968 -0.910324816730805
9.68968968968969 -0.908450785304152
9.6996996996997 -0.906543169704876
9.70970970970971 -0.904603053293383
9.71971971971972 -0.902631519430082
9.72972972972973 -0.900629651475379
9.73973973973974 -0.898598532789681
9.74974974974975 -0.896539246733396
9.75975975975976 -0.89445287666693
9.76976976976977 -0.892340505950692
9.77977977977978 -0.890203217945088
9.78978978978979 -0.888042096010525
9.7997997997998 -0.885858223507412
9.80980980980981 -0.883652683796153
9.81981981981982 -0.881426560237159
9.82982982982983 -0.879180936190834
9.83983983983984 -0.876916895017587
9.84984984984985 -0.874635520077824
9.85985985985986 -0.872337894731954
9.86986986986987 -0.870025102340382
9.87987987987988 -0.867698226263517
9.88988988988989 -0.865358349861766
9.8998998998999 -0.863006556495535
9.90990990990991 -0.860643929525232
9.91991991991992 -0.858271552311264
9.92992992992993 -0.855890508214039
9.93993993993994 -0.853501880593963
9.94994994994995 -0.851106752811444
9.95995995995996 -0.848706208226889
9.96996996996997 -0.846301330200705
9.97997997997998 -0.8438932020933
9.98998998998999 -0.84148290726508
10 -0.839071529076452
