0 100
0.0909090909090909 100
0.181818181818182 100
0.272727272727273 100
0.363636363636364 100
0.454545454545455 100
0.545454545454545 100
0.636363636363636 100
0.727272727272727 100
0.818181818181818 100
0.909090909090909 100
1 100
1.09090909090909 100
1.18181818181818 100
1.27272727272727 100
1.36363636363636 100
1.45454545454545 100
1.54545454545455 100
1.63636363636364 100
1.72727272727273 100
1.81818181818182 100
1.90909090909091 100
2 100
2.09090909090909 100
2.18181818181818 100
2.27272727272727 100
2.36363636363636 100
2.45454545454545 100
2.54545454545455 100
2.63636363636364 100
2.72727272727273 100
2.81818181818182 100
2.90909090909091 100
3 100
3.09090909090909 100
3.18181818181818 100
3.27272727272727 100
3.36363636363636 100
3.45454545454545 100
3.54545454545455 100
3.63636363636364 100
3.72727272727273 100
3.81818181818182 100
3.90909090909091 100
4 100
4.09090909090909 100
4.18181818181818 100
4.27272727272727 100
4.36363636363636 100
4.45454545454546 100
4.54545454545455 100
4.63636363636364 100
4.72727272727273 100
4.81818181818182 100
4.90909090909091 100
5 100
5.09090909090909 100
5.18181818181818 100
5.27272727272727 100
5.36363636363636 100
5.45454545454546 100
5.54545454545455 100
5.63636363636364 100
5.72727272727273 100
5.81818181818182 100
5.90909090909091 100
6 100
6.09090909090909 100
6.18181818181818 100
6.27272727272727 100
6.36363636363636 100
6.45454545454546 100
6.54545454545455 100
6.63636363636364 100
6.72727272727273 100
6.81818181818182 100
6.90909090909091 100
7 100
7.09090909090909 100
7.18181818181818 100
7.27272727272727 100
7.36363636363636 100
7.45454545454546 100
7.54545454545455 100
7.63636363636364 100
7.72727272727273 100
7.81818181818182 100
7.90909090909091 100
8 100
8.09090909090909 100
8.18181818181818 100
8.27272727272727 100
8.36363636363636 100
8.45454545454546 100
8.54545454545454 100
8.63636363636364 100
8.72727272727273 100
8.81818181818182 100
8.90909090909091 100
9 100
