-3 -0.999978632326396
-2.93939393939394 -0.999968512576035
-2.87878787878788 -0.999953934332153
-2.81818181818182 -0.999933091781447
-2.75757575757576 -0.999903518298159
-2.6969696969697 -0.999861874008336
-2.63636363636364 -0.999803676434628
-2.57575757575758 -0.999722963071135
-2.51515151515152 -0.999611873965033
-2.45454545454546 -0.999460142085432
-2.39393939393939 -0.999254479662029
-2.33333333333333 -0.998977850032047
-2.27272727272727 -0.998608617121912
-2.21212121212121 -0.998119568795504
-2.15151515151515 -0.997476816192044
-2.09090909090909 -0.996638579074845
-2.03030303030303 -0.995553877253121
-1.96969696969697 -0.994161160330483
-1.90909090909091 -0.992386922209443
-1.84848484848485 -0.991100814625036
-1.78787878787879 -0.98861194541076
-1.72727272727273 -0.985524025233519
-1.66666666666667 -0.981720690106477
-1.60606060606061 -0.977070163499407
-1.54545454545455 -0.971424909893865
-1.48484848484849 -0.964621702922885
-1.42424242424243 -0.956482191732426
-1.36363636363637 -0.946814042598346
-1.3030303030303 -0.935412720566865
-1.24242424242424 -0.92160192197018
-1.18181818181818 -0.905992743592069
-1.12121212121212 -0.887986700904952
-1.06060606060606 -0.867366021305923
-1 -0.843921292239979
-0.939393939393941 -0.816005886048842
-0.878787878787881 -0.786039284688826
-0.81818181818182 -0.75274686930448
-0.75757575757576 -0.715986095176883
-0.696969696969699 -0.675692071454956
-0.636363636363638 -0.631847966466423
-0.575757575757578 -0.584489810865871
-0.515151515151517 -0.533710100550573
-0.454545454545457 -0.479629323208966
-0.393939393939396 -0.422533526042579
-0.333333333333336 -0.362640139716159
-0.272727272727275 -0.300274062510972
-0.212121212121214 -0.235810256281484
-0.151515151515154 -0.169667042580564
-0.0909090909090931 -0.102298020317934
-0.0303030303030325 -0.0341828446474492
0.0303030303030281 0.0341828446474442
0.0909090909090887 0.102298020317929
0.151515151515149 0.16966704258056
0.21212121212121 0.235810256281479
0.272727272727271 0.300274062510967
0.333333333333331 0.362640139716154
0.393939393939392 0.422533526042575
0.454545454545452 0.479629323208962
0.515151515151513 0.533710100550569
0.575757575757573 0.584489810865868
0.636363636363634 0.63184796646642
0.696969696969695 0.675692071454953
0.757575757575755 0.715986095176881
0.818181818181816 0.752746869304477
0.878787878787876 0.786039284688824
0.939393939393937 0.81600588604884
0.999999999999997 0.842729958487197
1.06060606060606 0.867366021305922
1.12121212121212 0.88798670090495
1.18181818181818 0.905992743592067
1.24242424242424 0.921601921970179
1.3030303030303 0.935412720566864
1.36363636363636 0.946814042598345
1.42424242424242 0.956482191732425
1.48484848484848 0.964621702922885
1.54545454545454 0.971424909893864
1.6060606060606 0.977070163499407
1.66666666666666 0.981720690106477
1.72727272727272 0.985524025233519
1.78787878787878 0.988611945410759
1.84848484848485 0.991100814625035
1.90909090909091 0.992386922209443
1.96969696969697 0.994161160330483
2.03030303030303 0.995553877253121
2.09090909090909 0.996638579074845
2.15151515151515 0.997476816192044
2.21212121212121 0.998119568795504
2.27272727272727 0.998608617121912
2.33333333333333 0.998977850032047
2.39393939393939 0.999254479662029
2.45454545454545 0.999460142085431
2.51515151515151 0.999611873965033
2.57575757575757 0.999722963071135
2.63636363636363 0.999803676434628
2.69696969696969 0.999861874008336
2.75757575757575 0.999903518298159
2.81818181818181 0.999933091781447
2.87878787878787 0.999953934332153
2.93939393939394 0.999968512576035
3 0.999978632326396
